#ID	Avg_fold	Length	Ref_GC	Covered_percent	Covered_bases	Plus_reads	Minus_reads	Read_GC	Median_fold	Std_Dev
chr1	1.1152	195471971	0.0000	18.7606	36671669	1960750	2402817	0.4763	0	16.38
chr10	1.7744	130694993	0.0000	21.5294	28137813	2128468	2517106	0.4910	0	18.51
chr11	1.8853	122082543	0.0000	27.0136	32978904	2288542	2343363	0.5044	0	33.05
chr12	1.3177	120129022	0.0000	18.5083	22233826	1727919	1469860	0.5177	0	110.38
chr13	1.1313	120421639	0.0000	18.9449	22813702	1340318	1399640	0.4881	0	16.71
chr14	1.2362	124902244	0.0000	18.5781	23204512	1582939	1505264	0.4825	0	12.60
chr15	1.4831	104043685	0.0000	20.7098	21547232	1224660	1874762	0.4995	0	17.98
chr16	0.9478	98207768	0.0000	16.9507	16646942	966034	918534	0.4916	0	38.44
chr17	3.3826	94987271	0.0000	25.9708	24668959	4403342	2123082	0.5707	0	227.14
chr18	1.0914	90702639	0.0000	19.7461	17910231	1042407	937405	0.4761	0	8.31
chr19	2.9108	61431566	0.0000	25.9505	15941804	1694185	1885020	0.4877	0	46.89
chr1_GL456210_random	0.1040	169725	0.0000	5.2615	8930	182	173	0.4753	0	0.80
chr1_GL456211_random	0.1102	241735	0.0000	5.7009	13781	300	243	0.4873	0	0.91
chr1_GL456212_random	0.1700	153618	0.0000	7.3253	11253	356	170	0.4736	0	1.20
chr1_GL456213_random	0.2081	39340	0.0000	9.6238	3786	27	139	0.4832	0	0.88
chr1_GL456221_random	0.1133	206961	0.0000	5.6716	11738	147	328	0.4685	0	0.91
chr2	1.4835	182113224	0.0000	23.2192	42285214	2955872	2449558	0.4874	0	15.76
chr3	0.9810	160039680	0.0000	16.2746	26045780	1573867	1583525	0.4740	0	19.02
chr4	1.1135	156508116	0.0000	20.1055	31466772	1810683	1680120	0.4927	0	9.60
chr4_GL456216_random	1.1505	66673	0.0000	29.9012	19936	962	620	0.4928	0	3.56
chr4_GL456350_random	0.0844	227966	0.0000	4.5638	10404	181	212	0.5187	0	0.64
chr4_JH584292_random	0.0268	14945	0.0000	2.6832	401	3	5	0.4395	0	0.16
chr4_JH584293_random	0.1868	207968	0.0000	6.8472	14240	510	273	0.5256	0	1.19
chr4_JH584294_random	0.2008	191905	0.0000	7.9534	15263	264	513	0.5245	0	1.24
chr4_JH584295_random	5.2687	1976	0.0000	76.6700	1515	4	224	0.6231	4	5.95
chr5	1.6820	151834684	0.0000	21.9866	33383333	2587256	2529352	0.4912	0	35.39
chr5_GL456354_random	0.0653	195993	0.0000	3.4369	6736	184	75	0.4554	0	0.55
chr5_JH584296_random	0.0964	199368	0.0000	4.1807	8335	215	175	0.4579	0	0.85
chr5_JH584297_random	0.0841	205776	0.0000	3.8401	7902	205	146	0.4491	0	0.75
chr5_JH584298_random	0.0320	184189	0.0000	2.0626	3799	59	61	0.4465	0	0.33
chr5_JH584299_random	0.0313	953012	0.0000	2.0018	19077	330	278	0.4352	0	0.39
chr6	1.2380	149736546	0.0000	19.0955	28592971	1954530	1761104	0.4913	0	49.11
chr7	1.4507	145441459	0.0000	20.9955	30536132	1976166	2251983	0.5029	0	12.17
chr7_GL456219_random	0.0796	175968	0.0000	4.2900	7549	153	130	0.4404	0	0.53
chr8	1.3257	129401213	0.0000	20.7933	26906825	1845249	1593642	0.4992	0	10.39
chr9	1.2599	124595110	0.0000	21.7111	27050976	1573257	1568870	0.4857	0	23.40
chrM	1318.7043	16299	0.0000	99.5767	16230	395063	33250	0.3656	387	3341.28
chrUn_GL456239	0.0937	40056	0.0000	4.8857	1957	44	32	0.4752	0	0.78
chrUn_GL456359	1.2476	22974	0.0000	13.8983	3193	557	14	0.4095	0	5.26
chrUn_GL456360	0.0411	31704	0.0000	2.4287	770	12	15	0.4432	0	0.29
chrUn_GL456366	0.1888	47073	0.0000	7.8708	3705	92	89	0.4432	0	1.08
chrUn_GL456367	0.1278	42057	0.0000	7.7466	3258	76	40	0.4207	0	0.56
chrUn_GL456368	0.3286	20208	0.0000	17.0279	3441	31	101	0.4100	0	0.97
chrUn_GL456370	1.8757	26764	0.0000	36.4931	9767	150	870	0.3949	0	4.61
chrUn_GL456372	0.0661	28664	0.0000	4.4202	1267	13	26	0.4914	0	0.44
chrUn_GL456378	0.3997	31602	0.0000	7.9077	2499	57	203	0.4843	0	2.36
chrUn_GL456379	0.3870	72385	0.0000	3.3032	2391	485	74	0.4638	0	4.40
chrUn_GL456381	0.0138	25871	0.0000	1.0359	268	3	4	0.4482	0	0.14
chrUn_GL456382	4.6865	23158	0.0000	8.0275	1859	81	2081	0.4396	0	38.46
chrUn_GL456383	0.0720	38659	0.0000	3.1015	1199	24	38	0.3985	0	0.80
chrUn_GL456385	0.0483	35240	0.0000	2.9682	1046	15	19	0.4147	0	0.35
chrUn_GL456387	0.1067	24685	0.0000	5.5297	1365	23	31	0.5110	0	0.56
chrUn_GL456389	0.6479	28772	0.0000	3.3018	950	88	286	0.3839	0	12.82
chrUn_GL456390	0.0795	24668	0.0000	3.8390	947	22	22	0.4015	0	0.54
chrUn_GL456392	0.4931	23629	0.0000	6.5894	1557	97	139	0.3661	0	4.02
chrUn_GL456393	0.0585	55711	0.0000	1.8291	1019	39	29	0.4273	0	0.91
chrUn_GL456394	0.0488	24323	0.0000	3.7413	910	17	8	0.3785	0	0.27
chrUn_GL456396	2.2964	21240	0.0000	5.9181	1257	616	365	0.3545	0	39.80
chrUn_JH584304	17.5391	114452	0.0000	64.8481	74220	9867	30526	0.5101	1	51.96
chrX	0.5071	171031299	0.0000	10.7170	18329498	845223	891869	0.4648	0	8.69
chrX_GL456233_random	0.8127	336933	0.0000	32.9490	111016	4118	1328	0.4079	0	1.81
chrY	0.0417	91744698	0.0000	1.0344	948977	45628	32108	0.4663	0	1.00
chrY_JH584300_random	0.0027	182347	0.0000	0.1503	274	5	7	0.3103	0	0.09
chrY_JH584301_random	0.0068	259875	0.0000	0.3640	946	26	16	0.3355	0	0.16
chrY_JH584302_random	0.0030	155838	0.0000	0.2214	345	5	6	0.3640	0	0.07
chrY_JH584303_random	0.0033	158099	0.0000	0.2524	399	7	4	0.4056	0	0.07
