#ID	Avg_fold	Length	Ref_GC	Covered_percent	Covered_bases	Plus_reads	Minus_reads	Read_GC	Median_fold	Std_Dev
chr1	0.4796	195471971	0.0000	10.9247	21354781	853661	1038963	0.5149	0	19.99
chr10	0.8125	130694993	0.0000	13.3619	17463373	979913	1161501	0.5286	0	13.93
chr11	0.9329	122082543	0.0000	16.9811	20730920	1139505	1178661	0.5449	0	46.45
chr12	0.7983	120129022	0.0000	10.8023	12976721	1063597	904971	0.5725	0	114.80
chr13	0.5410	120421639	0.0000	10.6752	12855249	662142	667987	0.5400	0	22.65
chr14	0.5421	124902244	0.0000	11.3125	14129541	704049	658621	0.5181	0	13.74
chr15	0.7358	104043685	0.0000	13.2325	13767624	607170	948146	0.5375	0	18.28
chr16	0.4899	98207768	0.0000	9.9113	9733636	442825	564115	0.5513	0	52.80
chr17	3.4656	94987271	0.0000	17.0339	16180040	5343966	1438152	0.6420	0	306.32
chr18	0.4524	90702639	0.0000	11.3545	10298801	425924	399956	0.5131	0	5.65
chr19	1.3178	61431566	0.0000	16.5886	10190611	794858	835793	0.5189	0	24.36
chr1_GL456210_random	0.1464	169725	0.0000	10.6690	18108	223	274	0.4795	0	0.56
chr1_GL456211_random	0.1370	241735	0.0000	10.4081	25160	317	347	0.4872	0	0.54
chr1_GL456212_random	0.1852	153618	0.0000	12.3260	18935	320	247	0.4795	0	0.73
chr1_GL456213_random	0.0894	39340	0.0000	5.3152	2091	14	57	0.5230	0	0.50
chr1_GL456221_random	0.1565	206961	0.0000	11.4123	23619	285	363	0.4784	0	0.60
chr2	0.6909	182113224	0.0000	14.1110	25697976	1416289	1116105	0.5228	0	13.80
chr3	0.4210	160039680	0.0000	9.4220	15078979	717130	667726	0.5171	0	25.54
chr4	0.5099	156508116	0.0000	12.2256	19134024	844695	763964	0.5300	0	7.17
chr4_GL456216_random	0.6872	66673	0.0000	14.9536	9970	599	358	0.5767	0	2.88
chr4_GL456350_random	0.0530	227966	0.0000	3.6505	8322	126	119	0.5258	0	0.40
chr4_JH584292_random	0.0270	14945	0.0000	2.3620	353	2	6	0.4730	0	0.18
chr4_JH584293_random	0.1009	207968	0.0000	5.2268	10870	286	141	0.5451	0	0.66
chr4_JH584294_random	0.1219	191905	0.0000	6.3333	12154	152	322	0.5355	0	0.77
chr4_JH584295_random	5.6083	1976	0.0000	75.8097	1498	5	250	0.6705	2	10.07
chr5	0.7849	151834684	0.0000	13.9885	21239351	1140330	1264827	0.5304	0	39.27
chr5_GL456354_random	0.0424	195993	0.0000	3.2297	6330	109	59	0.4720	0	0.27
chr5_JH584296_random	0.0590	199368	0.0000	4.2615	8496	133	104	0.4640	0	0.39
chr5_JH584297_random	0.0562	205776	0.0000	3.7691	7756	130	103	0.4665	0	0.46
chr5_JH584298_random	0.0254	184189	0.0000	2.1939	4041	53	42	0.4518	0	0.19
chr5_JH584299_random	0.0305	953012	0.0000	2.4263	23123	301	284	0.4337	0	0.26
chr6	0.6035	149736546	0.0000	11.4371	17125528	994886	830725	0.5341	0	51.48
chr7	0.7052	145441459	0.0000	13.6805	19897052	960935	1105575	0.5362	0	6.94
chr7_GL456219_random	0.0341	175968	0.0000	2.6590	4679	63	61	0.4709	0	0.23
chr8	0.6345	129401213	0.0000	13.1576	17026107	886952	774208	0.5353	0	11.23
chr9	0.5861	124595110	0.0000	13.0465	16255336	729721	741139	0.5193	0	16.24
chrM	766.6213	16299	0.0000	99.5521	16226	236199	13038	0.3586	93	2550.34
chrUn_GL456239	0.0881	40056	0.0000	5.1977	2082	44	27	0.5000	0	0.79
chrUn_GL456359	0.5517	22974	0.0000	11.1517	2562	250	3	0.4670	0	2.78
chrUn_GL456360	0.0257	31704	0.0000	2.2615	717	3	14	0.4470	0	0.18
chrUn_GL456366	0.0771	47073	0.0000	4.0150	1890	46	28	0.4703	0	0.53
chrUn_GL456367	0.0386	42057	0.0000	3.1220	1313	22	11	0.4442	0	0.23
chrUn_GL456368	0.0930	20208	0.0000	5.7354	1159	17	21	0.4739	0	0.57
chrUn_GL456370	0.8890	26764	0.0000	19.9522	5340	123	367	0.4424	0	3.12
chrUn_GL456372	0.1379	28664	0.0000	9.6428	2764	52	27	0.5033	0	0.58
chrUn_GL456378	0.2279	31602	0.0000	6.1452	1942	29	121	0.5405	0	1.74
chrUn_GL456379	0.1202	72385	0.0000	2.4162	1749	137	37	0.4790	0	1.32
chrUn_GL456381	0.0150	25871	0.0000	1.3065	338	6	3	0.4576	0	0.14
chrUn_GL456382	1.7756	23158	0.0000	6.4513	1494	47	772	0.4455	0	14.94
chrUn_GL456383	0.0869	38659	0.0000	5.1786	2002	34	39	0.3737	0	0.47
chrUn_GL456385	0.0247	35240	0.0000	2.0403	719	10	8	0.4375	0	0.18
chrUn_GL456387	0.0628	24685	0.0000	4.7073	1162	14	17	0.5114	0	0.31
chrUn_GL456389	1.8677	28772	0.0000	3.2149	925	290	783	0.3820	0	38.85
chrUn_GL456390	0.0642	24668	0.0000	3.7944	936	19	22	0.3790	0	0.40
chrUn_GL456392	1.1210	23629	0.0000	7.9775	1885	273	267	0.3662	0	10.23
chrUn_GL456393	0.0348	55711	0.0000	2.7714	1544	25	16	0.4619	0	0.24
chrUn_GL456394	0.0126	24323	0.0000	1.0484	255	5	1	0.4118	0	0.13
chrUn_GL456396	5.5512	21240	0.0000	4.7222	1003	1239	1129	0.3517	0	99.58
chrUn_JH584304	11.9211	114452	0.0000	66.0521	75598	9130	18345	0.4834	2	30.40
chrX	0.2078	171031299	0.0000	5.5673	9521849	342685	373574	0.4999	0	5.39
chrX_GL456233_random	0.2304	336933	0.0000	12.4728	42025	1209	335	0.4284	0	0.89
chrY	0.0220	91744698	0.0000	0.7278	667703	25030	16345	0.5096	0	0.72
chrY_JH584300_random	0.0038	182347	0.0000	0.2089	381	6	9	0.3417	0	0.12
chrY_JH584301_random	0.0051	259875	0.0000	0.3963	1030	16	16	0.3668	0	0.10
chrY_JH584302_random	0.0016	155838	0.0000	0.1309	204	4	1	0.3882	0	0.05
chrY_JH584303_random	0.0025	158099	0.0000	0.1752	277	6	3	0.4472	0	0.07
