#ID	Avg_fold	Length	Ref_GC	Covered_percent	Covered_bases	Plus_reads	Minus_reads	Read_GC	Median_fold	Std_Dev
chr1	0.0001	248956422	0.0000	0.0090	22398	376	370	0.4689	0	0.02
chr2	0.0001	242193529	0.0000	0.0048	11584	217	191	0.4917	0	0.01
chr3	0.0001	198295559	0.0000	0.0054	10797	275	261	0.5065	0	0.07
chr4	0.0001	190214555	0.0000	0.0047	8939	213	202	0.5131	0	0.03
chr5	0.0001	181538259	0.0000	0.0050	9103	141	141	0.4422	0	0.01
chr6	0.0001	170805979	0.0000	0.0080	13685	298	302	0.4913	0	0.03
chr7	0.0001	159345973	0.0000	0.0086	13702	292	279	0.5280	0	0.04
chr8	0.0001	145138636	0.0000	0.0044	6436	104	103	0.4766	0	0.01
chr9	0.0001	138394717	0.0000	0.0073	10036	179	172	0.4942	0	0.01
chr10	0.0001	133797422	0.0000	0.0050	6739	108	108	0.4675	0	0.01
chr11	0.0001	135086622	0.0000	0.0069	9362	155	165	0.4872	0	0.01
chr12	0.0001	133275309	0.0000	0.0070	9312	161	165	0.4863	0	0.02
chr13	0.0000	114364328	0.0000	0.0024	2723	47	43	0.4399	0	0.01
chr14	0.0001	107043718	0.0000	0.0042	4470	96	98	0.5029	0	0.03
chr15	0.0001	101991189	0.0000	0.0054	5496	130	135	0.5132	0	0.06
chr16	0.0002	90338345	0.0000	0.0112	10082	173	173	0.5160	0	0.02
chr17	0.0002	83257441	0.0000	0.0109	9034	215	227	0.5237	0	0.05
chr18	0.0000	80373285	0.0000	0.0029	2323	42	43	0.4535	0	0.01
chr19	0.0002	58617616	0.0000	0.0159	9341	154	159	0.5370	0	0.02
chr20	0.0001	64444167	0.0000	0.0071	4560	80	78	0.5078	0	0.01
chr21	0.0002	46709983	0.0000	0.0120	5610	152	107	0.5411	0	0.04
chr22	0.0002	50818468	0.0000	0.0101	5109	118	111	0.5648	0	0.04
chrX	0.0000	156040895	0.0000	0.0033	5078	78	81	0.4860	0	0.01
chrY	0.0000	57227415	0.0000	0.0001	40	1	0	0.2750	0	0.00
chrM	2.1298	16569	0.0000	7.7554	1285	444	429	0.4843	0	26.37
chr1_KI270706v1_random	0.0080	175055	0.0000	0.0411	72	19	16	0.6777	0	0.50
chr1_KI270707v1_random	0.0000	32032	0.0000	0.0000	0	0	0	0.0000	0	0.00
chr1_KI270708v1_random	0.0000	127682	0.0000	0.0000	0	0	0	0.0000	0	0.00
chr1_KI270709v1_random	0.0000	66860	0.0000	0.0000	0	0	0	0.0000	0	0.00
chr1_KI270710v1_random	0.0000	40176	0.0000	0.0000	0	0	0	0.0000	0	0.00
chr1_KI270711v1_random	0.0000	42210	0.0000	0.0000	0	0	0	0.0000	0	0.00
chr1_KI270712v1_random	0.0000	176043	0.0000	0.0000	0	0	0	0.0000	0	0.00
chr1_KI270713v1_random	0.0062	40745	0.0000	0.2872	117	3	3	0.4981	0	0.12
chr1_KI270714v1_random	0.0000	41717	0.0000	0.0000	0	0	0	0.0000	0	0.00
chr2_KI270715v1_random	0.0000	161471	0.0000	0.0000	0	0	0	0.0000	0	0.00
chr2_KI270716v1_random	0.0000	153799	0.0000	0.0000	0	0	0	0.0000	0	0.00
chr3_GL000221v1_random	0.0005	155397	0.0000	0.0232	36	1	1	0.5679	0	0.03
chr4_GL000008v2_random	0.0015	209709	0.0000	0.1316	276	4	4	0.4766	0	0.04
chr5_GL000208v1_random	0.0000	92689	0.0000	0.0000	0	0	0	0.0000	0	0.00
chr9_KI270717v1_random	0.0000	40062	0.0000	0.0000	0	0	0	0.0000	0	0.00
chr9_KI270718v1_random	0.0000	38054	0.0000	0.0000	0	0	0	0.0000	0	0.00
chr9_KI270719v1_random	0.0018	176845	0.0000	0.0831	147	3	5	0.3842	0	0.08
chr9_KI270720v1_random	0.0044	39050	0.0000	0.1793	70	2	2	0.4713	0	0.11
chr11_KI270721v1_random	0.0000	100316	0.0000	0.0000	0	0	0	0.0000	0	0.00
chr14_GL000009v2_random	0.0012	201709	0.0000	0.0927	187	3	3	0.4789	0	0.04
chr14_GL000225v1_random	0.0000	211173	0.0000	0.0000	0	0	0	0.0000	0	0.00
chr14_KI270722v1_random	0.0000	194050	0.0000	0.0000	0	0	0	0.0000	0	0.00
chr14_GL000194v1_random	0.0000	191469	0.0000	0.0000	0	0	0	0.0000	0	0.00
chr14_KI270723v1_random	0.0000	38115	0.0000	0.0000	0	0	0	0.0000	0	0.00
chr14_KI270724v1_random	0.0000	39555	0.0000	0.0000	0	0	0	0.0000	0	0.00
chr14_KI270725v1_random	0.0000	172810	0.0000	0.0000	0	0	0	0.0000	0	0.00
chr14_KI270726v1_random	0.0000	43739	0.0000	0.0000	0	0	0	0.0000	0	0.00
chr15_KI270727v1_random	0.0000	448248	0.0000	0.0000	0	0	0	0.0000	0	0.00
chr16_KI270728v1_random	0.0000	1872759	0.0000	0.0045	85	1	1	0.5172	0	0.01
chr17_GL000205v2_random	0.0002	185591	0.0000	0.0178	33	1	0	0.5500	0	0.01
chr17_KI270729v1_random	0.0000	280839	0.0000	0.0000	0	0	0	0.0000	0	0.00
chr17_KI270730v1_random	0.0000	112551	0.0000	0.0000	0	0	0	0.0000	0	0.00
chr22_KI270731v1_random	0.0000	150754	0.0000	0.0000	0	0	0	0.0000	0	0.00
chr22_KI270732v1_random	0.0000	41543	0.0000	0.0000	0	0	0	0.0000	0	0.00
chr22_KI270733v1_random	0.0360	179772	0.0000	1.1476	2063	96	65	0.5477	0	0.65
chr22_KI270734v1_random	0.0000	165050	0.0000	0.0000	0	0	0	0.0000	0	0.00
chr22_KI270735v1_random	0.0000	42811	0.0000	0.0000	0	0	0	0.0000	0	0.00
chr22_KI270736v1_random	0.0000	181920	0.0000	0.0000	0	0	0	0.0000	0	0.00
chr22_KI270737v1_random	0.0000	103838	0.0000	0.0000	0	0	0	0.0000	0	0.00
chr22_KI270738v1_random	0.0000	99375	0.0000	0.0000	0	0	0	0.0000	0	0.00
chr22_KI270739v1_random	0.0000	73985	0.0000	0.0000	0	0	0	0.0000	0	0.00
chrY_KI270740v1_random	0.0000	37240	0.0000	0.0000	0	0	0	0.0000	0	0.00
chrUn_KI270302v1	0.0000	2274	0.0000	0.0000	0	0	0	0.0000	0	0.00
chrUn_KI270304v1	0.0000	2165	0.0000	0.0000	0	0	0	0.0000	0	0.00
chrUn_KI270303v1	0.0000	1942	0.0000	0.0000	0	0	0	0.0000	0	0.00
chrUn_KI270305v1	0.0000	1472	0.0000	0.0000	0	0	0	0.0000	0	0.00
chrUn_KI270322v1	0.0000	21476	0.0000	0.0000	0	0	0	0.0000	0	0.00
chrUn_KI270320v1	0.0000	4416	0.0000	0.0000	0	0	0	0.0000	0	0.00
chrUn_KI270310v1	0.0000	1201	0.0000	0.0000	0	0	0	0.0000	0	0.00
chrUn_KI270316v1	0.0000	1444	0.0000	0.0000	0	0	0	0.0000	0	0.00
chrUn_KI270315v1	0.0000	2276	0.0000	0.0000	0	0	0	0.0000	0	0.00
chrUn_KI270312v1	0.0000	998	0.0000	0.0000	0	0	0	0.0000	0	0.00
chrUn_KI270311v1	0.0000	12399	0.0000	0.0000	0	0	0	0.0000	0	0.00
chrUn_KI270317v1	0.0000	37690	0.0000	0.0000	0	0	0	0.0000	0	0.00
chrUn_KI270412v1	0.0000	1179	0.0000	0.0000	0	0	0	0.0000	0	0.00
chrUn_KI270411v1	0.0000	2646	0.0000	0.0000	0	0	0	0.0000	0	0.00
chrUn_KI270414v1	0.0000	2489	0.0000	0.0000	0	0	0	0.0000	0	0.00
chrUn_KI270419v1	0.0000	1029	0.0000	0.0000	0	0	0	0.0000	0	0.00
chrUn_KI270418v1	0.0000	2145	0.0000	0.0000	0	0	0	0.0000	0	0.00
chrUn_KI270420v1	0.0000	2321	0.0000	0.0000	0	0	0	0.0000	0	0.00
chrUn_KI270424v1	0.0000	2140	0.0000	0.0000	0	0	0	0.0000	0	0.00
chrUn_KI270417v1	0.0000	2043	0.0000	0.0000	0	0	0	0.0000	0	0.00
chrUn_KI270422v1	0.0000	1445	0.0000	0.0000	0	0	0	0.0000	0	0.00
chrUn_KI270423v1	0.0000	981	0.0000	0.0000	0	0	0	0.0000	0	0.00
chrUn_KI270425v1	0.0000	1884	0.0000	0.0000	0	0	0	0.0000	0	0.00
chrUn_KI270429v1	0.0000	1361	0.0000	0.0000	0	0	0	0.0000	0	0.00
chrUn_KI270442v1	0.0000	392061	0.0000	0.0000	0	0	0	0.0000	0	0.00
chrUn_KI270466v1	0.0000	1233	0.0000	0.0000	0	0	0	0.0000	0	0.00
chrUn_KI270465v1	0.0000	1774	0.0000	0.0000	0	0	0	0.0000	0	0.00
chrUn_KI270467v1	0.0000	3920	0.0000	0.0000	0	0	0	0.0000	0	0.00
chrUn_KI270435v1	0.0000	92983	0.0000	0.0000	0	0	0	0.0000	0	0.00
chrUn_KI270438v1	0.0000	112505	0.0000	0.0000	0	0	0	0.0000	0	0.00
chrUn_KI270468v1	0.0000	4055	0.0000	0.0000	0	0	0	0.0000	0	0.00
chrUn_KI270510v1	0.0000	2415	0.0000	0.0000	0	0	0	0.0000	0	0.00
chrUn_KI270509v1	0.0000	2318	0.0000	0.0000	0	0	0	0.0000	0	0.00
chrUn_KI270518v1	0.0000	2186	0.0000	0.0000	0	0	0	0.0000	0	0.00
chrUn_KI270508v1	0.0000	1951	0.0000	0.0000	0	0	0	0.0000	0	0.00
chrUn_KI270516v1	0.0000	1300	0.0000	0.0000	0	0	0	0.0000	0	0.00
chrUn_KI270512v1	0.0000	22689	0.0000	0.0000	0	0	0	0.0000	0	0.00
chrUn_KI270519v1	0.0000	138126	0.0000	0.0000	0	0	0	0.0000	0	0.00
chrUn_KI270522v1	0.0000	5674	0.0000	0.0000	0	0	0	0.0000	0	0.00
chrUn_KI270511v1	0.0000	8127	0.0000	0.0000	0	0	0	0.0000	0	0.00
chrUn_KI270515v1	0.0000	6361	0.0000	0.0000	0	0	0	0.0000	0	0.00
chrUn_KI270507v1	0.0000	5353	0.0000	0.0000	0	0	0	0.0000	0	0.00
chrUn_KI270517v1	0.0000	3253	0.0000	0.0000	0	0	0	0.0000	0	0.00
chrUn_KI270529v1	0.0000	1899	0.0000	0.0000	0	0	0	0.0000	0	0.00
chrUn_KI270528v1	0.0000	2983	0.0000	0.0000	0	0	0	0.0000	0	0.00
chrUn_KI270530v1	0.0000	2168	0.0000	0.0000	0	0	0	0.0000	0	0.00
chrUn_KI270539v1	0.0000	993	0.0000	0.0000	0	0	0	0.0000	0	0.00
chrUn_KI270538v1	0.0000	91309	0.0000	0.0000	0	0	0	0.0000	0	0.00
chrUn_KI270544v1	0.0000	1202	0.0000	0.0000	0	0	0	0.0000	0	0.00
chrUn_KI270548v1	0.0000	1599	0.0000	0.0000	0	0	0	0.0000	0	0.00
chrUn_KI270583v1	0.0000	1400	0.0000	0.0000	0	0	0	0.0000	0	0.00
chrUn_KI270587v1	0.0000	2969	0.0000	0.0000	0	0	0	0.0000	0	0.00
chrUn_KI270580v1	0.0000	1553	0.0000	0.0000	0	0	0	0.0000	0	0.00
chrUn_KI270581v1	0.0000	7046	0.0000	0.0000	0	0	0	0.0000	0	0.00
chrUn_KI270579v1	0.0000	31033	0.0000	0.0000	0	0	0	0.0000	0	0.00
chrUn_KI270589v1	0.0000	44474	0.0000	0.0000	0	0	0	0.0000	0	0.00
chrUn_KI270590v1	0.0000	4685	0.0000	0.0000	0	0	0	0.0000	0	0.00
chrUn_KI270584v1	0.0000	4513	0.0000	0.0000	0	0	0	0.0000	0	0.00
chrUn_KI270582v1	0.0000	6504	0.0000	0.0000	0	0	0	0.0000	0	0.00
chrUn_KI270588v1	0.0000	6158	0.0000	0.0000	0	0	0	0.0000	0	0.00
chrUn_KI270593v1	0.0000	3041	0.0000	0.0000	0	0	0	0.0000	0	0.00
chrUn_KI270591v1	0.0000	5796	0.0000	0.0000	0	0	0	0.0000	0	0.00
chrUn_KI270330v1	0.0000	1652	0.0000	0.0000	0	0	0	0.0000	0	0.00
chrUn_KI270329v1	0.0000	1040	0.0000	0.0000	0	0	0	0.0000	0	0.00
chrUn_KI270334v1	0.0000	1368	0.0000	0.0000	0	0	0	0.0000	0	0.00
chrUn_KI270333v1	0.0000	2699	0.0000	0.0000	0	0	0	0.0000	0	0.00
chrUn_KI270335v1	0.0000	1048	0.0000	0.0000	0	0	0	0.0000	0	0.00
chrUn_KI270338v1	0.0000	1428	0.0000	0.0000	0	0	0	0.0000	0	0.00
chrUn_KI270340v1	0.0000	1428	0.0000	0.0000	0	0	0	0.0000	0	0.00
chrUn_KI270336v1	0.0000	1026	0.0000	0.0000	0	0	0	0.0000	0	0.00
chrUn_KI270337v1	0.0000	1121	0.0000	0.0000	0	0	0	0.0000	0	0.00
chrUn_KI270363v1	0.0000	1803	0.0000	0.0000	0	0	0	0.0000	0	0.00
chrUn_KI270364v1	0.0000	2855	0.0000	0.0000	0	0	0	0.0000	0	0.00
chrUn_KI270362v1	0.0000	3530	0.0000	0.0000	0	0	0	0.0000	0	0.00
chrUn_KI270366v1	0.0000	8320	0.0000	0.0000	0	0	0	0.0000	0	0.00
chrUn_KI270378v1	0.0000	1048	0.0000	0.0000	0	0	0	0.0000	0	0.00
chrUn_KI270379v1	0.0000	1045	0.0000	0.0000	0	0	0	0.0000	0	0.00
chrUn_KI270389v1	0.0000	1298	0.0000	0.0000	0	0	0	0.0000	0	0.00
chrUn_KI270390v1	0.0000	2387	0.0000	0.0000	0	0	0	0.0000	0	0.00
chrUn_KI270387v1	0.0000	1537	0.0000	0.0000	0	0	0	0.0000	0	0.00
chrUn_KI270395v1	0.0000	1143	0.0000	0.0000	0	0	0	0.0000	0	0.00
chrUn_KI270396v1	0.0000	1880	0.0000	0.0000	0	0	0	0.0000	0	0.00
chrUn_KI270388v1	0.0000	1216	0.0000	0.0000	0	0	0	0.0000	0	0.00
chrUn_KI270394v1	0.0000	970	0.0000	0.0000	0	0	0	0.0000	0	0.00
chrUn_KI270386v1	0.0000	1788	0.0000	0.0000	0	0	0	0.0000	0	0.00
chrUn_KI270391v1	0.0000	1484	0.0000	0.0000	0	0	0	0.0000	0	0.00
chrUn_KI270383v1	0.0000	1750	0.0000	0.0000	0	0	0	0.0000	0	0.00
chrUn_KI270393v1	0.0000	1308	0.0000	0.0000	0	0	0	0.0000	0	0.00
chrUn_KI270384v1	0.0000	1658	0.0000	0.0000	0	0	0	0.0000	0	0.00
chrUn_KI270392v1	0.0000	971	0.0000	0.0000	0	0	0	0.0000	0	0.00
chrUn_KI270381v1	0.0000	1930	0.0000	0.0000	0	0	0	0.0000	0	0.00
chrUn_KI270385v1	0.0000	990	0.0000	0.0000	0	0	0	0.0000	0	0.00
chrUn_KI270382v1	0.0000	4215	0.0000	0.0000	0	0	0	0.0000	0	0.00
chrUn_KI270376v1	0.0000	1136	0.0000	0.0000	0	0	0	0.0000	0	0.00
chrUn_KI270374v1	0.0000	2656	0.0000	0.0000	0	0	0	0.0000	0	0.00
chrUn_KI270372v1	0.0000	1650	0.0000	0.0000	0	0	0	0.0000	0	0.00
chrUn_KI270373v1	0.0000	1451	0.0000	0.0000	0	0	0	0.0000	0	0.00
chrUn_KI270375v1	0.0000	2378	0.0000	0.0000	0	0	0	0.0000	0	0.00
chrUn_KI270371v1	0.0000	2805	0.0000	0.0000	0	0	0	0.0000	0	0.00
chrUn_KI270448v1	0.0000	7992	0.0000	0.0000	0	0	0	0.0000	0	0.00
chrUn_KI270521v1	0.0000	7642	0.0000	0.0000	0	0	0	0.0000	0	0.00
chrUn_GL000195v1	0.0023	182896	0.0000	0.0798	146	5	5	0.5397	0	0.11
chrUn_GL000219v1	0.0002	179198	0.0000	0.0234	42	1	0	0.4894	0	0.02
chrUn_GL000220v1	0.0382	161802	0.0000	1.2979	2100	86	67	0.5486	0	0.67
chrUn_GL000224v1	0.0002	179693	0.0000	0.0223	40	1	0	0.4500	0	0.01
chrUn_KI270741v1	0.0003	157432	0.0000	0.0254	40	1	0	0.4500	0	0.02
chrUn_GL000226v1	0.0000	15008	0.0000	0.0000	0	0	0	0.0000	0	0.00
chrUn_GL000213v1	0.0000	164239	0.0000	0.0000	0	0	0	0.0000	0	0.00
chrUn_KI270743v1	0.0031	210658	0.0000	0.1296	273	8	8	0.6043	0	0.14
chrUn_KI270744v1	0.0005	168472	0.0000	0.0475	80	1	1	0.3103	0	0.02
chrUn_KI270745v1	0.0000	41891	0.0000	0.0000	0	0	0	0.0000	0	0.00
chrUn_KI270746v1	0.0000	66486	0.0000	0.0000	0	0	0	0.0000	0	0.00
chrUn_KI270747v1	0.0000	198735	0.0000	0.0000	0	0	0	0.0000	0	0.00
chrUn_KI270748v1	0.0000	93321	0.0000	0.0000	0	0	0	0.0000	0	0.00
chrUn_KI270749v1	0.0000	158759	0.0000	0.0000	0	0	0	0.0000	0	0.00
chrUn_KI270750v1	0.0000	148850	0.0000	0.0000	0	0	0	0.0000	0	0.00
chrUn_KI270751v1	0.0021	150742	0.0000	0.1161	175	4	4	0.4912	0	0.07
chrUn_KI270752v1	0.0000	27745	0.0000	0.0000	0	0	0	0.0000	0	0.00
chrUn_KI270753v1	0.0000	62944	0.0000	0.0000	0	0	0	0.0000	0	0.00
chrUn_KI270754v1	0.0000	40191	0.0000	0.0000	0	0	0	0.0000	0	0.00
chrUn_KI270755v1	0.0000	36723	0.0000	0.0000	0	0	0	0.0000	0	0.00
chrUn_KI270756v1	0.0000	79590	0.0000	0.0000	0	0	0	0.0000	0	0.00
chrUn_KI270757v1	0.0000	71251	0.0000	0.0000	0	0	0	0.0000	0	0.00
chrUn_GL000214v1	0.0037	137718	0.0000	0.1518	209	4	10	0.5567	0	0.12
chrUn_KI270742v1	0.0002	186739	0.0000	0.0182	34	0	1	0.4500	0	0.01
chrUn_GL000216v2	0.0000	176608	0.0000	0.0000	0	0	0	0.0000	0	0.00
chrUn_GL000218v1	0.0005	161147	0.0000	0.0503	81	1	1	0.5057	0	0.02
chrEBV	0.0000	171823	0.0000	0.0000	0	0	0	0.0000	0	0.00
