#ID	Avg_fold	Length	Ref_GC	Covered_percent	Covered_bases	Plus_reads	Minus_reads	Read_GC	Median_fold	Std_Dev
chr1	0.1212	248956422	0.0000	3.0670	7635452	376923	371167	0.5066	0	24.19
chr2	0.0444	242193529	0.0000	2.0705	5014653	144931	125100	0.5100	0	3.22
chr3	0.0408	198295559	0.0000	1.9584	3883352	101724	102297	0.4980	0	2.00
chr4	0.0305	190214555	0.0000	1.4972	2847902	74702	71074	0.4722	0	0.96
chr5	0.0437	181538259	0.0000	2.0109	3650514	100809	97991	0.4844	0	1.61
chr6	0.0709	170805979	0.0000	2.4396	4166963	153676	148009	0.5003	0	6.05
chr7	0.0749	159345973	0.0000	2.9046	4628442	136310	173255	0.5354	0	18.37
chr8	0.0405	145138636	0.0000	1.7687	2567028	75278	71905	0.4876	0	5.89
chr9	0.0433	138394717	0.0000	1.9406	2685631	74596	76887	0.5202	0	2.57
chr10	0.0420	133797422	0.0000	2.1077	2820050	71147	69650	0.4921	0	0.76
chr11	0.0526	135086622	0.0000	2.2793	3079016	89901	87689	0.5048	0	1.42
chr12	0.0550	133275309	0.0000	2.4085	3209904	93565	89902	0.5033	0	2.69
chr13	0.0219	114364328	0.0000	1.0195	1165967	29922	34426	0.5079	0	2.68
chr14	0.0656	107043718	0.0000	1.5122	1618699	73932	112646	0.6287	0	24.86
chr15	0.0515	101991189	0.0000	2.3510	2397827	66862	64314	0.4896	0	2.93
chr16	0.0766	90338345	0.0000	3.3616	3036831	87513	85365	0.5310	0	3.52
chr17	0.2551	83257441	0.0000	3.9764	3310632	263499	259442	0.4782	0	72.70
chr18	0.0265	80373285	0.0000	1.2907	1037403	27179	26349	0.4800	0	0.58
chr19	0.1266	58617616	0.0000	4.9316	2890764	91193	94159	0.5707	0	3.74
chr20	0.0503	64444167	0.0000	2.3073	1486925	40984	40291	0.5208	0	1.05
chr21	0.9370	46709983	0.0000	2.7842	1300504	504898	564835	0.6248	0	132.52
chr22	0.0746	50818468	0.0000	3.1525	1602058	47997	46665	0.5391	0	1.35
chrX	0.0248	156040895	0.0000	1.2406	1935881	49539	48166	0.4914	0	0.64
chrY	0.0022	57227415	0.0000	0.1136	64989	1820	1586	0.4513	0	0.15
chrM	276.5900	16569	0.0000	99.7767	16532	56944	56383	0.4377	196	331.65
chr1_KI270706v1_random	0.4724	175055	0.0000	22.3204	39073	1024	1034	0.4412	0	2.59
chr1_KI270707v1_random	0.2325	32032	0.0000	12.4500	3988	101	88	0.4057	0	0.88
chr1_KI270708v1_random	0.0407	127682	0.0000	2.0982	2679	68	63	0.3961	0	0.39
chr1_KI270709v1_random	0.0018	66860	0.0000	0.1825	122	2	1	0.3650	0	0.04
chr1_KI270710v1_random	0.0000	40176	0.0000	0.0000	0	0	0	0.0000	0	0.00
chr1_KI270711v1_random	0.2491	42210	0.0000	12.7647	5388	137	130	0.4327	0	0.85
chr1_KI270712v1_random	0.0245	176043	0.0000	1.5905	2800	59	50	0.4902	0	0.24
chr1_KI270713v1_random	54.5430	40745	0.0000	10.6565	4342	26202	27911	0.5143	0	1028.49
chr1_KI270714v1_random	0.2003	41717	0.0000	4.8469	2022	99	110	0.5185	0	1.89
chr2_KI270715v1_random	0.0000	161471	0.0000	0.0000	0	0	0	0.0000	0	0.00
chr2_KI270716v1_random	0.0008	153799	0.0000	0.0514	79	2	1	0.4148	0	0.04
chr3_GL000221v1_random	0.6180	155397	0.0000	18.3408	28501	1204	1191	0.5062	0	10.63
chr4_GL000008v2_random	0.2631	209709	0.0000	13.1125	27498	691	694	0.4314	0	1.25
chr5_GL000208v1_random	0.0119	92689	0.0000	0.7444	690	17	11	0.4196	0	0.15
chr9_KI270717v1_random	0.0170	40062	0.0000	1.1083	444	14	5	0.5659	0	0.20
chr9_KI270718v1_random	0.2935	38054	0.0000	4.0705	1549	140	138	0.6146	0	4.65
chr9_KI270719v1_random	0.1422	176845	0.0000	5.1067	9031	283	348	0.3860	0	1.73
chr9_KI270720v1_random	0.1901	39050	0.0000	11.5339	4504	92	93	0.3874	0	0.63
chr11_KI270721v1_random	0.1041	100316	0.0000	5.0720	5088	130	128	0.6263	0	0.83
chr14_GL000009v2_random	0.4047	201709	0.0000	19.5886	39512	1039	994	0.4186	0	1.24
chr14_GL000225v1_random	0.0067	211173	0.0000	0.4641	980	13	23	0.4684	0	0.11
chr14_KI270722v1_random	0.0308	194050	0.0000	1.6300	3163	81	69	0.3909	0	0.34
chr14_GL000194v1_random	0.3014	191469	0.0000	11.5392	22094	724	718	0.5030	0	5.36
chr14_KI270723v1_random	0.0201	38115	0.0000	1.5742	600	8	11	0.4547	0	0.17
chr14_KI270724v1_random	0.0330	39555	0.0000	1.7014	673	19	15	0.4157	0	0.31
chr14_KI270725v1_random	0.0020	172810	0.0000	0.1429	247	5	4	0.4133	0	0.06
chr14_KI270726v1_random	0.0914	43739	0.0000	4.7006	2056	50	50	0.5504	0	0.59
chr15_KI270727v1_random	0.0084	448248	0.0000	0.4118	1846	58	40	0.4785	0	0.20
chr16_KI270728v1_random	0.0229	1872759	0.0000	0.9197	17224	546	537	0.5337	0	0.76
chr17_GL000205v2_random	0.3259	185591	0.0000	11.7317	21773	755	761	0.4464	0	1.65
chr17_KI270729v1_random	0.0047	280839	0.0000	0.2713	762	21	13	0.4368	0	0.12
chr17_KI270730v1_random	0.0032	112551	0.0000	0.2790	314	5	4	0.3787	0	0.06
chr22_KI270731v1_random	0.0454	150754	0.0000	1.8573	2800	85	87	0.5636	0	1.06
chr22_KI270732v1_random	0.0127	41543	0.0000	0.5344	222	7	7	0.3614	0	0.22
chr22_KI270733v1_random	188.3041	179772	0.0000	22.6726	40759	398254	427907	0.6322	0	2058.88
chr22_KI270734v1_random	0.0603	165050	0.0000	2.2963	3790	128	125	0.5916	0	0.79
chr22_KI270735v1_random	0.0098	42811	0.0000	0.7335	314	6	5	0.4392	0	0.12
chr22_KI270736v1_random	0.0017	181920	0.0000	0.1330	242	2	6	0.4298	0	0.05
chr22_KI270737v1_random	0.0032	103838	0.0000	0.2186	227	6	3	0.4225	0	0.07
chr22_KI270738v1_random	0.0031	99375	0.0000	0.1701	169	4	5	0.3982	0	0.08
chr22_KI270739v1_random	0.0058	73985	0.0000	0.3109	230	6	5	0.4280	0	0.11
chrY_KI270740v1_random	0.0000	37240	0.0000	0.0000	0	0	0	0.0000	0	0.00
chrUn_KI270302v1	0.0000	2274	0.0000	0.0000	0	0	0	0.0000	0	0.00
chrUn_KI270304v1	1.1058	2165	0.0000	41.4319	897	30	29	0.4082	0	2.90
chrUn_KI270303v1	1.2770	1942	0.0000	34.7580	675	31	29	0.4034	0	3.06
chrUn_KI270305v1	0.0000	1472	0.0000	0.0000	0	0	0	0.0000	0	0.00
chrUn_KI270322v1	0.0000	21476	0.0000	0.0000	0	0	0	0.0000	0	0.00
chrUn_KI270320v1	0.0000	4416	0.0000	0.0000	0	0	0	0.0000	0	0.00
chrUn_KI270310v1	1.0108	1201	0.0000	36.0533	433	15	15	0.3812	0	1.67
chrUn_KI270316v1	0.0000	1444	0.0000	0.0000	0	0	0	0.0000	0	0.00
chrUn_KI270315v1	0.0000	2276	0.0000	0.0000	0	0	0	0.0000	0	0.00
chrUn_KI270312v1	0.0000	998	0.0000	0.0000	0	0	0	0.0000	0	0.00
chrUn_KI270311v1	0.0000	12399	0.0000	0.0000	0	0	0	0.0000	0	0.00
chrUn_KI270317v1	0.0404	37690	0.0000	1.5283	576	19	18	0.3856	0	0.40
chrUn_KI270412v1	0.0755	1179	0.0000	7.5488	89	1	1	0.4157	0	0.26
chrUn_KI270411v1	0.0465	2646	0.0000	4.6485	123	0	3	0.3415	0	0.21
chrUn_KI270414v1	0.0000	2489	0.0000	0.0000	0	0	0	0.0000	0	0.00
chrUn_KI270419v1	0.0000	1029	0.0000	0.0000	0	0	0	0.0000	0	0.00
chrUn_KI270418v1	0.0000	2145	0.0000	0.0000	0	0	0	0.0000	0	0.00
chrUn_KI270420v1	0.0000	2321	0.0000	0.0000	0	0	0	0.0000	0	0.00
chrUn_KI270424v1	0.0000	2140	0.0000	0.0000	0	0	0	0.0000	0	0.00
chrUn_KI270417v1	0.0000	2043	0.0000	0.0000	0	0	0	0.0000	0	0.00
chrUn_KI270422v1	0.1744	1445	0.0000	11.0727	160	4	2	0.3613	0	0.52
chrUn_KI270423v1	0.0000	981	0.0000	0.0000	0	0	0	0.0000	0	0.00
chrUn_KI270425v1	0.0000	1884	0.0000	0.0000	0	0	0	0.0000	0	0.00
chrUn_KI270429v1	0.0000	1361	0.0000	0.0000	0	0	0	0.0000	0	0.00
chrUn_KI270442v1	0.0663	392061	0.0000	0.9774	3832	351	310	0.4265	0	2.91
chrUn_KI270466v1	0.2587	1233	0.0000	19.5458	241	4	4	0.2326	0	0.57
chrUn_KI270465v1	0.3050	1774	0.0000	11.0485	196	7	6	0.3809	0	1.15
chrUn_KI270467v1	0.4151	3920	0.0000	15.8673	622	17	23	0.2494	0	1.40
chrUn_KI270435v1	0.0075	92983	0.0000	0.5463	508	8	9	0.3707	0	0.11
chrUn_KI270438v1	0.0014	112505	0.0000	0.1058	119	3	1	0.3807	0	0.04
chrUn_KI270468v1	0.0000	4055	0.0000	0.0000	0	0	0	0.0000	0	0.00
chrUn_KI270510v1	0.0000	2415	0.0000	0.0000	0	0	0	0.0000	0	0.00
chrUn_KI270509v1	0.0151	2318	0.0000	1.5099	35	1	0	0.3902	0	0.12
chrUn_KI270518v1	0.0000	2186	0.0000	0.0000	0	0	0	0.0000	0	0.00
chrUn_KI270508v1	0.0420	1951	0.0000	4.2030	82	1	1	0.3820	0	0.20
chrUn_KI270516v1	0.0000	1300	0.0000	0.0000	0	0	0	0.0000	0	0.00
chrUn_KI270512v1	0.0088	22689	0.0000	0.6347	144	4	2	0.3652	0	0.12
chrUn_KI270519v1	0.0037	138126	0.0000	0.2237	309	9	5	0.3728	0	0.10
chrUn_KI270522v1	0.0072	5674	0.0000	0.7226	41	1	0	0.3125	0	0.08
chrUn_KI270511v1	0.0000	8127	0.0000	0.0000	0	0	0	0.0000	0	0.00
chrUn_KI270515v1	0.0000	6361	0.0000	0.0000	0	0	0	0.0000	0	0.00
chrUn_KI270507v1	0.0000	5353	0.0000	0.0000	0	0	0	0.0000	0	0.00
chrUn_KI270517v1	0.0000	3253	0.0000	0.0000	0	0	0	0.0000	0	0.00
chrUn_KI270529v1	0.0000	1899	0.0000	0.0000	0	0	0	0.0000	0	0.00
chrUn_KI270528v1	0.0000	2983	0.0000	0.0000	0	0	0	0.0000	0	0.00
chrUn_KI270530v1	0.0000	2168	0.0000	0.0000	0	0	0	0.0000	0	0.00
chrUn_KI270539v1	0.0000	993	0.0000	0.0000	0	0	0	0.0000	0	0.00
chrUn_KI270538v1	0.0060	91309	0.0000	0.2103	192	9	6	0.5132	0	0.16
chrUn_KI270544v1	0.0682	1202	0.0000	6.8220	82	2	0	0.4146	0	0.25
chrUn_KI270548v1	0.0000	1599	0.0000	0.0000	0	0	0	0.0000	0	0.00
chrUn_KI270583v1	0.0000	1400	0.0000	0.0000	0	0	0	0.0000	0	0.00
chrUn_KI270587v1	0.0000	2969	0.0000	0.0000	0	0	0	0.0000	0	0.00
chrUn_KI270580v1	0.0741	1553	0.0000	5.0225	78	2	1	0.3130	0	0.34
chrUn_KI270581v1	0.0809	7046	0.0000	5.4641	385	6	8	0.4026	0	0.37
chrUn_KI270579v1	0.0723	31033	0.0000	5.7036	1770	27	29	0.3757	0	0.33
chrUn_KI270589v1	0.0017	44474	0.0000	0.1686	75	1	1	0.3820	0	0.04
chrUn_KI270590v1	0.0000	4685	0.0000	0.0000	0	0	0	0.0000	0	0.00
chrUn_KI270584v1	0.0000	4513	0.0000	0.0000	0	0	0	0.0000	0	0.00
chrUn_KI270582v1	0.0240	6504	0.0000	1.8296	119	3	1	0.3190	0	0.19
chrUn_KI270588v1	0.0000	6158	0.0000	0.0000	0	0	0	0.0000	0	0.00
chrUn_KI270593v1	0.0270	3041	0.0000	2.6636	81	1	1	0.3371	0	0.16
chrUn_KI270591v1	0.0000	5796	0.0000	0.0000	0	0	0	0.0000	0	0.00
chrUn_KI270330v1	1.2615	1652	0.0000	31.4165	519	34	18	0.4284	0	4.40
chrUn_KI270329v1	0.0000	1040	0.0000	0.0000	0	0	0	0.0000	0	0.00
chrUn_KI270334v1	0.0000	1368	0.0000	0.0000	0	0	0	0.0000	0	0.00
chrUn_KI270333v1	0.0760	2699	0.0000	4.5943	124	2	3	0.2403	0	0.40
chrUn_KI270335v1	0.0000	1048	0.0000	0.0000	0	0	0	0.0000	0	0.00
chrUn_KI270338v1	0.0000	1428	0.0000	0.0000	0	0	0	0.0000	0	0.00
chrUn_KI270340v1	0.0000	1428	0.0000	0.0000	0	0	0	0.0000	0	0.00
chrUn_KI270336v1	0.0000	1026	0.0000	0.0000	0	0	0	0.0000	0	0.00
chrUn_KI270337v1	0.1829	1121	0.0000	7.3149	82	3	2	0.2920	0	0.77
chrUn_KI270363v1	0.0377	1803	0.0000	1.8857	34	1	1	0.3500	0	0.27
chrUn_KI270364v1	0.0000	2855	0.0000	0.0000	0	0	0	0.0000	0	0.00
chrUn_KI270362v1	0.0000	3530	0.0000	0.0000	0	0	0	0.0000	0	0.00
chrUn_KI270366v1	0.0000	8320	0.0000	0.0000	0	0	0	0.0000	0	0.00
chrUn_KI270378v1	0.0000	1048	0.0000	0.0000	0	0	0	0.0000	0	0.00
chrUn_KI270379v1	0.1483	1045	0.0000	11.4833	120	2	2	0.3895	0	0.44
chrUn_KI270389v1	0.0000	1298	0.0000	0.0000	0	0	0	0.0000	0	0.00
chrUn_KI270390v1	0.0000	2387	0.0000	0.0000	0	0	0	0.0000	0	0.00
chrUn_KI270387v1	0.0000	1537	0.0000	0.0000	0	0	0	0.0000	0	0.00
chrUn_KI270395v1	0.0000	1143	0.0000	0.0000	0	0	0	0.0000	0	0.00
chrUn_KI270396v1	0.0000	1880	0.0000	0.0000	0	0	0	0.0000	0	0.00
chrUn_KI270388v1	0.0000	1216	0.0000	0.0000	0	0	0	0.0000	0	0.00
chrUn_KI270394v1	0.0000	970	0.0000	0.0000	0	0	0	0.0000	0	0.00
chrUn_KI270386v1	0.0000	1788	0.0000	0.0000	0	0	0	0.0000	0	0.00
chrUn_KI270391v1	0.0000	1484	0.0000	0.0000	0	0	0	0.0000	0	0.00
chrUn_KI270383v1	0.0000	1750	0.0000	0.0000	0	0	0	0.0000	0	0.00
chrUn_KI270393v1	0.0000	1308	0.0000	0.0000	0	0	0	0.0000	0	0.00
chrUn_KI270384v1	0.0000	1658	0.0000	0.0000	0	0	0	0.0000	0	0.00
chrUn_KI270392v1	0.0000	971	0.0000	0.0000	0	0	0	0.0000	0	0.00
chrUn_KI270381v1	0.0000	1930	0.0000	0.0000	0	0	0	0.0000	0	0.00
chrUn_KI270385v1	0.0000	990	0.0000	0.0000	0	0	0	0.0000	0	0.00
chrUn_KI270382v1	0.0000	4215	0.0000	0.0000	0	0	0	0.0000	0	0.00
chrUn_KI270376v1	0.0000	1136	0.0000	0.0000	0	0	0	0.0000	0	0.00
chrUn_KI270374v1	0.0000	2656	0.0000	0.0000	0	0	0	0.0000	0	0.00
chrUn_KI270372v1	0.0000	1650	0.0000	0.0000	0	0	0	0.0000	0	0.00
chrUn_KI270373v1	0.0000	1451	0.0000	0.0000	0	0	0	0.0000	0	0.00
chrUn_KI270375v1	0.0000	2378	0.0000	0.0000	0	0	0	0.0000	0	0.00
chrUn_KI270371v1	0.0000	2805	0.0000	0.0000	0	0	0	0.0000	0	0.00
chrUn_KI270448v1	0.0268	7992	0.0000	1.0761	86	3	3	0.4538	0	0.29
chrUn_KI270521v1	0.0173	7642	0.0000	0.4318	33	2	2	0.4750	0	0.26
chrUn_GL000195v1	0.5541	182896	0.0000	20.7358	37925	1308	1228	0.4318	0	1.79
chrUn_GL000219v1	0.2131	179198	0.0000	7.0553	12643	475	484	0.5174	0	3.48
chrUn_GL000220v1	159.1281	161802	0.0000	25.8841	41881	300073	328679	0.6345	0	1633.34
chrUn_GL000224v1	0.2182	179693	0.0000	9.7717	17559	489	493	0.4862	0	1.32
chrUn_KI270741v1	0.1008	157432	0.0000	6.1728	9718	191	203	0.4643	0	0.56
chrUn_GL000226v1	0.0000	15008	0.0000	0.0000	0	0	0	0.0000	0	0.00
chrUn_GL000213v1	0.0139	164239	0.0000	0.4999	821	38	31	0.5084	0	0.38
chrUn_KI270743v1	0.3048	210658	0.0000	12.1401	25574	850	766	0.4815	0	2.66
chrUn_KI270744v1	0.5253	168472	0.0000	19.7606	33291	1118	1100	0.4438	0	1.79
chrUn_KI270745v1	0.6742	41891	0.0000	29.4168	12323	357	347	0.4972	0	1.92
chrUn_KI270746v1	0.0753	66486	0.0000	4.5528	3027	73	56	0.3696	0	0.39
chrUn_KI270747v1	0.0020	198735	0.0000	0.1072	213	5	5	0.4299	0	0.07
chrUn_KI270748v1	0.0385	93321	0.0000	2.9168	2722	44	48	0.4716	0	0.27
chrUn_KI270749v1	0.0020	158759	0.0000	0.1587	252	4	4	0.3467	0	0.05
chrUn_KI270750v1	0.0401	148850	0.0000	2.2902	3409	83	68	0.4453	0	0.41
chrUn_KI270751v1	0.2678	150742	0.0000	10.0781	15192	509	508	0.4577	0	1.74
chrUn_KI270752v1	0.0000	27745	0.0000	0.0000	0	0	0	0.0000	0	0.00
chrUn_KI270753v1	0.0058	62944	0.0000	0.2304	145	5	5	0.4548	0	0.13
chrUn_KI270754v1	0.6325	40191	0.0000	28.1083	11297	304	325	0.5710	0	1.65
chrUn_KI270755v1	0.0022	36723	0.0000	0.1089	40	1	1	0.5287	0	0.07
chrUn_KI270756v1	0.0011	79590	0.0000	0.0829	66	2	1	0.4158	0	0.04
chrUn_KI270757v1	0.0083	71251	0.0000	0.3439	245	11	8	0.3663	0	0.18
chrUn_GL000214v1	0.4231	137718	0.0000	17.2919	23814	722	734	0.4668	0	1.80
chrUn_KI270742v1	0.7119	186739	0.0000	23.7722	44392	1654	1653	0.4782	0	9.75
chrUn_GL000216v2	0.0074	176608	0.0000	0.5419	957	21	13	0.4365	0	0.11
chrUn_GL000218v1	0.3543	161147	0.0000	12.9838	20923	731	695	0.4998	0	6.30
chrEBV	0.0000	171823	0.0000	0.0000	0	0	0	0.0000	0	0.00
