#ID	Avg_fold	Length	Ref_GC	Covered_percent	Covered_bases	Plus_reads	Minus_reads	Read_GC	Median_fold	Std_Dev
chr1	0.3698	248956422	0.0000	3.1190	7764945	1232350	1165787	0.6095	0	34.56
chr2	0.1709	242193529	0.0000	2.0393	4939069	586709	504711	0.6564	0	14.50
chr3	0.1626	198295559	0.0000	1.9919	3949889	418027	428628	0.6383	0	8.63
chr4	0.1119	190214555	0.0000	1.4494	2757040	283078	275956	0.6248	0	6.78
chr5	0.1676	181538259	0.0000	1.9264	3497172	422586	377098	0.6250	0	20.14
chr6	0.2670	170805979	0.0000	2.4499	4184594	615362	573859	0.6080	0	24.20
chr7	0.2598	159345973	0.0000	2.7620	4401188	502821	601012	0.6672	0	30.29
chr8	0.1491	145138636	0.0000	1.7855	2591510	303619	265972	0.6321	0	22.35
chr9	0.1846	138394717	0.0000	2.1035	2911137	331429	337133	0.6546	0	9.06
chr10	0.1704	133797422	0.0000	2.1692	2902281	296799	298775	0.6396	0	8.39
chr11	0.2281	135086622	0.0000	2.5035	3381932	402107	402026	0.6413	0	9.50
chr12	0.2142	133275309	0.0000	2.5294	3371014	368503	379797	0.6285	0	11.47
chr13	0.0720	114364328	0.0000	1.0317	1179848	107224	111027	0.6450	0	4.77
chr14	0.1631	107043718	0.0000	1.6424	1758053	195112	285136	0.6923	0	35.88
chr15	0.2073	101991189	0.0000	2.3792	2426565	281432	272314	0.6333	0	11.31
chr16	0.3347	90338345	0.0000	3.6167	3267294	392472	394781	0.6595	0	12.07
chr17	0.5466	83257441	0.0000	4.4105	3672047	587257	588707	0.6011	0	55.97
chr18	0.0983	80373285	0.0000	1.3054	1049171	103314	103677	0.6375	0	4.58
chr19	0.6365	58617616	0.0000	6.1976	3632893	483890	489469	0.6577	0	17.18
chr20	0.2323	64444167	0.0000	2.6422	1702771	194548	195805	0.6532	0	9.06
chr21	0.7335	46709983	0.0000	2.7504	1284710	382023	481264	0.6607	0	48.91
chr22	0.3593	50818468	0.0000	3.5732	1815826	239179	237834	0.6600	0	14.03
chrX	0.0920	156040895	0.0000	1.3474	2102488	190781	187274	0.6228	0	5.02
chrY	0.0049	57227415	0.0000	0.1464	83783	4031	3929	0.5451	0	0.37
chrM	312.4272	16569	0.0000	99.6077	16504	52468	85772	0.4139	108	2808.82
chr1_KI270706v1_random	1.0926	175055	0.0000	17.5922	30796	2215	2873	0.5688	0	19.59
chr1_KI270707v1_random	0.2860	32032	0.0000	12.2440	3922	124	118	0.4918	0	1.79
chr1_KI270708v1_random	0.0469	127682	0.0000	2.2948	2930	83	80	0.4816	0	0.42
chr1_KI270709v1_random	0.0102	66860	0.0000	0.2288	153	10	10	0.5407	0	0.35
chr1_KI270710v1_random	0.0090	40176	0.0000	0.3808	153	5	5	0.5732	0	0.15
chr1_KI270711v1_random	0.2248	42210	0.0000	12.0682	5094	124	127	0.4880	0	0.79
chr1_KI270712v1_random	0.0442	176043	0.0000	2.3460	4130	103	102	0.5791	0	0.53
chr1_KI270713v1_random	53.8931	40745	0.0000	15.0031	6113	25949	29031	0.5037	0	934.24
chr1_KI270714v1_random	1.7441	41717	0.0000	7.9967	3336	1015	883	0.5726	0	23.48
chr2_KI270715v1_random	0.0000	161471	0.0000	0.0000	0	0	0	0.0000	0	0.00
chr2_KI270716v1_random	0.0000	153799	0.0000	0.0000	0	0	0	0.0000	0	0.00
chr3_GL000221v1_random	5.1506	155397	0.0000	13.0376	20260	10498	10040	0.6499	0	218.37
chr4_GL000008v2_random	0.5239	209709	0.0000	10.5599	22145	1451	1522	0.5555	0	13.92
chr5_GL000208v1_random	0.0177	92689	0.0000	0.4067	377	22	24	0.4945	0	0.39
chr9_KI270717v1_random	0.0240	40062	0.0000	1.3105	525	15	12	0.6749	0	0.25
chr9_KI270718v1_random	1.8026	38054	0.0000	4.4936	1710	881	907	0.6777	0	33.10
chr9_KI270719v1_random	0.2405	176845	0.0000	4.7663	8429	558	587	0.5976	0	3.50
chr9_KI270720v1_random	0.1440	39050	0.0000	9.4008	3671	77	72	0.4187	0	0.50
chr11_KI270721v1_random	0.5569	100316	0.0000	8.0934	8119	716	730	0.6825	0	6.54
chr14_GL000009v2_random	0.4504	201709	0.0000	15.3716	31006	1182	1215	0.4974	0	4.50
chr14_GL000225v1_random	0.0231	211173	0.0000	1.2023	2539	79	62	0.5195	0	0.30
chr14_KI270722v1_random	0.0431	194050	0.0000	1.6516	3205	121	111	0.5155	0	0.62
chr14_GL000194v1_random	0.6360	191469	0.0000	9.6339	18446	1593	1636	0.6139	0	15.20
chr14_KI270723v1_random	0.0350	38115	0.0000	1.5243	581	17	21	0.5105	0	0.36
chr14_KI270724v1_random	0.0706	39555	0.0000	1.1023	436	38	38	0.5198	0	0.99
chr14_KI270725v1_random	0.0091	172810	0.0000	0.4375	756	21	23	0.5567	0	0.16
chr14_KI270726v1_random	0.9268	43739	0.0000	6.2553	2736	549	526	0.7037	0	9.44
chr15_KI270727v1_random	0.0158	448248	0.0000	0.5832	2614	95	96	0.5758	0	0.33
chr16_KI270728v1_random	0.1712	1872759	0.0000	1.1812	22121	4135	4134	0.6573	0	10.45
chr17_GL000205v2_random	1.3963	185591	0.0000	11.5749	21482	3251	3582	0.5482	0	15.45
chr17_KI270729v1_random	0.0062	280839	0.0000	0.3547	996	30	23	0.4975	0	0.12
chr17_KI270730v1_random	0.0025	112551	0.0000	0.1226	138	5	4	0.4712	0	0.08
chr22_KI270731v1_random	0.1718	150754	0.0000	3.4387	5184	354	333	0.6241	0	3.56
chr22_KI270732v1_random	0.0503	41543	0.0000	0.6138	255	35	34	0.4923	0	1.16
chr22_KI270733v1_random	86.1979	179772	0.0000	25.2064	45314	167693	218153	0.6689	0	573.58
chr22_KI270734v1_random	0.5843	165050	0.0000	3.6656	6050	1242	1243	0.6915	0	17.68
chr22_KI270735v1_random	0.0073	42811	0.0000	0.5606	240	4	4	0.4366	0	0.10
chr22_KI270736v1_random	0.0018	181920	0.0000	0.0748	136	6	7	0.4804	0	0.08
chr22_KI270737v1_random	0.0016	103838	0.0000	0.0703	73	2	3	0.3977	0	0.07
chr22_KI270738v1_random	0.0087	99375	0.0000	0.2304	229	11	12	0.5376	0	0.25
chr22_KI270739v1_random	0.0084	73985	0.0000	0.4487	332	9	10	0.4935	0	0.15
chrY_KI270740v1_random	0.0000	37240	0.0000	0.0000	0	0	0	0.0000	0	0.00
chrUn_KI270302v1	0.0000	2274	0.0000	0.0000	0	0	0	0.0000	0	0.00
chrUn_KI270304v1	1.2725	2165	0.0000	36.3510	787	39	31	0.4236	0	2.22
chrUn_KI270303v1	1.2425	1942	0.0000	36.6117	711	36	25	0.4169	0	2.39
chrUn_KI270305v1	0.0000	1472	0.0000	0.0000	0	0	0	0.0000	0	0.00
chrUn_KI270322v1	0.0000	21476	0.0000	0.0000	0	0	0	0.0000	0	0.00
chrUn_KI270320v1	0.0181	4416	0.0000	1.4266	63	1	1	0.4598	0	0.16
chrUn_KI270310v1	1.0616	1201	0.0000	52.2898	628	17	15	0.4138	1	1.33
chrUn_KI270316v1	0.0000	1444	0.0000	0.0000	0	0	0	0.0000	0	0.00
chrUn_KI270315v1	0.0536	2276	0.0000	1.3620	31	2	2	0.3803	0	0.46
chrUn_KI270312v1	0.1583	998	0.0000	12.4248	124	3	1	0.3966	0	0.45
chrUn_KI270311v1	0.0000	12399	0.0000	0.0000	0	0	0	0.0000	0	0.00
chrUn_KI270317v1	0.0350	37690	0.0000	1.6397	618	18	16	0.4207	0	0.34
chrUn_KI270412v1	0.1272	1179	0.0000	3.5623	42	1	3	0.4129	0	0.68
chrUn_KI270411v1	0.2857	2646	0.0000	9.6750	256	10	11	0.4105	0	1.03
chrUn_KI270414v1	0.0000	2489	0.0000	0.0000	0	0	0	0.0000	0	0.00
chrUn_KI270419v1	0.0000	1029	0.0000	0.0000	0	0	0	0.0000	0	0.00
chrUn_KI270418v1	0.1277	2145	0.0000	8.3916	180	2	7	0.4088	0	0.49
chrUn_KI270420v1	0.0000	2321	0.0000	0.0000	0	0	0	0.0000	0	0.00
chrUn_KI270424v1	0.0000	2140	0.0000	0.0000	0	0	0	0.0000	0	0.00
chrUn_KI270417v1	0.0000	2043	0.0000	0.0000	0	0	0	0.0000	0	0.00
chrUn_KI270422v1	0.1702	1445	0.0000	10.5190	152	3	5	0.4073	0	0.57
chrUn_KI270423v1	0.0000	981	0.0000	0.0000	0	0	0	0.0000	0	0.00
chrUn_KI270425v1	0.0000	1884	0.0000	0.0000	0	0	0	0.0000	0	0.00
chrUn_KI270429v1	0.0000	1361	0.0000	0.0000	0	0	0	0.0000	0	0.00
chrUn_KI270442v1	0.0929	392061	0.0000	1.4322	5615	536	459	0.5352	0	2.60
chrUn_KI270466v1	0.0000	1233	0.0000	0.0000	0	0	0	0.0000	0	0.00
chrUn_KI270465v1	0.0812	1774	0.0000	4.0586	72	4	0	0.3889	0	0.39
chrUn_KI270467v1	0.0773	3920	0.0000	6.5306	256	6	1	0.2632	0	0.31
chrUn_KI270435v1	0.0029	92983	0.0000	0.1753	163	4	3	0.4394	0	0.07
chrUn_KI270438v1	0.0012	112505	0.0000	0.0596	67	3	2	0.4591	0	0.06
chrUn_KI270468v1	0.0000	4055	0.0000	0.0000	0	0	0	0.0000	0	0.00
chrUn_KI270510v1	0.0000	2415	0.0000	0.0000	0	0	0	0.0000	0	0.00
chrUn_KI270509v1	0.0000	2318	0.0000	0.0000	0	0	0	0.0000	0	0.00
chrUn_KI270518v1	0.0000	2186	0.0000	0.0000	0	0	0	0.0000	0	0.00
chrUn_KI270508v1	0.0000	1951	0.0000	0.0000	0	0	0	0.0000	0	0.00
chrUn_KI270516v1	0.0000	1300	0.0000	0.0000	0	0	0	0.0000	0	0.00
chrUn_KI270512v1	0.0000	22689	0.0000	0.0000	0	0	0	0.0000	0	0.00
chrUn_KI270519v1	0.0041	138126	0.0000	0.2563	354	7	10	0.4136	0	0.09
chrUn_KI270522v1	0.0000	5674	0.0000	0.0000	0	0	0	0.0000	0	0.00
chrUn_KI270511v1	0.0000	8127	0.0000	0.0000	0	0	0	0.0000	0	0.00
chrUn_KI270515v1	0.0000	6361	0.0000	0.0000	0	0	0	0.0000	0	0.00
chrUn_KI270507v1	0.0000	5353	0.0000	0.0000	0	0	0	0.0000	0	0.00
chrUn_KI270517v1	0.0000	3253	0.0000	0.0000	0	0	0	0.0000	0	0.00
chrUn_KI270529v1	0.0000	1899	0.0000	0.0000	0	0	0	0.0000	0	0.00
chrUn_KI270528v1	0.0000	2983	0.0000	0.0000	0	0	0	0.0000	0	0.00
chrUn_KI270530v1	0.0000	2168	0.0000	0.0000	0	0	0	0.0000	0	0.00
chrUn_KI270539v1	0.0000	993	0.0000	0.0000	0	0	0	0.0000	0	0.00
chrUn_KI270538v1	0.0068	91309	0.0000	0.2782	254	9	8	0.4672	0	0.15
chrUn_KI270544v1	0.0666	1202	0.0000	6.6556	80	1	1	0.4368	0	0.25
chrUn_KI270548v1	0.0000	1599	0.0000	0.0000	0	0	0	0.0000	0	0.00
chrUn_KI270583v1	0.0000	1400	0.0000	0.0000	0	0	0	0.0000	0	0.00
chrUn_KI270587v1	0.0000	2969	0.0000	0.0000	0	0	0	0.0000	0	0.00
chrUn_KI270580v1	0.0232	1553	0.0000	2.3181	36	1	0	0.2500	0	0.15
chrUn_KI270581v1	0.0779	7046	0.0000	4.3713	308	8	7	0.4769	0	0.42
chrUn_KI270579v1	0.0442	31033	0.0000	3.5801	1111	16	19	0.4007	0	0.26
chrUn_KI270589v1	0.0013	44474	0.0000	0.0652	29	1	1	0.5000	0	0.05
chrUn_KI270590v1	0.0000	4685	0.0000	0.0000	0	0	0	0.0000	0	0.00
chrUn_KI270584v1	0.0080	4513	0.0000	0.7977	36	1	0	0.3611	0	0.09
chrUn_KI270582v1	0.0843	6504	0.0000	6.8881	448	7	7	0.4805	0	0.33
chrUn_KI270588v1	0.0000	6158	0.0000	0.0000	0	0	0	0.0000	0	0.00
chrUn_KI270593v1	0.0000	3041	0.0000	0.0000	0	0	0	0.0000	0	0.00
chrUn_KI270591v1	0.0000	5796	0.0000	0.0000	0	0	0	0.0000	0	0.00
chrUn_KI270330v1	0.4389	1652	0.0000	21.9734	363	13	6	0.4955	0	0.98
chrUn_KI270329v1	0.0000	1040	0.0000	0.0000	0	0	0	0.0000	0	0.00
chrUn_KI270334v1	0.0000	1368	0.0000	0.0000	0	0	0	0.0000	0	0.00
chrUn_KI270333v1	0.0000	2699	0.0000	0.0000	0	0	0	0.0000	0	0.00
chrUn_KI270335v1	0.0000	1048	0.0000	0.0000	0	0	0	0.0000	0	0.00
chrUn_KI270338v1	0.0000	1428	0.0000	0.0000	0	0	0	0.0000	0	0.00
chrUn_KI270340v1	0.0000	1428	0.0000	0.0000	0	0	0	0.0000	0	0.00
chrUn_KI270336v1	0.0000	1026	0.0000	0.0000	0	0	0	0.0000	0	0.00
chrUn_KI270337v1	0.0000	1121	0.0000	0.0000	0	0	0	0.0000	0	0.00
chrUn_KI270363v1	0.0000	1803	0.0000	0.0000	0	0	0	0.0000	0	0.00
chrUn_KI270364v1	0.0000	2855	0.0000	0.0000	0	0	0	0.0000	0	0.00
chrUn_KI270362v1	0.0000	3530	0.0000	0.0000	0	0	0	0.0000	0	0.00
chrUn_KI270366v1	0.0089	8320	0.0000	0.4567	38	1	1	0.3457	0	0.13
chrUn_KI270378v1	0.0000	1048	0.0000	0.0000	0	0	0	0.0000	0	0.00
chrUn_KI270379v1	0.0000	1045	0.0000	0.0000	0	0	0	0.0000	0	0.00
chrUn_KI270389v1	0.0000	1298	0.0000	0.0000	0	0	0	0.0000	0	0.00
chrUn_KI270390v1	0.0000	2387	0.0000	0.0000	0	0	0	0.0000	0	0.00
chrUn_KI270387v1	0.0000	1537	0.0000	0.0000	0	0	0	0.0000	0	0.00
chrUn_KI270395v1	0.0000	1143	0.0000	0.0000	0	0	0	0.0000	0	0.00
chrUn_KI270396v1	0.0000	1880	0.0000	0.0000	0	0	0	0.0000	0	0.00
chrUn_KI270388v1	0.0000	1216	0.0000	0.0000	0	0	0	0.0000	0	0.00
chrUn_KI270394v1	0.0000	970	0.0000	0.0000	0	0	0	0.0000	0	0.00
chrUn_KI270386v1	0.0453	1788	0.0000	4.5302	81	1	1	0.4253	0	0.21
chrUn_KI270391v1	0.0000	1484	0.0000	0.0000	0	0	0	0.0000	0	0.00
chrUn_KI270383v1	0.0457	1750	0.0000	4.5714	80	1	1	0.4023	0	0.21
chrUn_KI270393v1	0.0000	1308	0.0000	0.0000	0	0	0	0.0000	0	0.00
chrUn_KI270384v1	0.0000	1658	0.0000	0.0000	0	0	0	0.0000	0	0.00
chrUn_KI270392v1	0.0000	971	0.0000	0.0000	0	0	0	0.0000	0	0.00
chrUn_KI270381v1	0.0000	1930	0.0000	0.0000	0	0	0	0.0000	0	0.00
chrUn_KI270385v1	0.0000	990	0.0000	0.0000	0	0	0	0.0000	0	0.00
chrUn_KI270382v1	0.0000	4215	0.0000	0.0000	0	0	0	0.0000	0	0.00
chrUn_KI270376v1	0.0000	1136	0.0000	0.0000	0	0	0	0.0000	0	0.00
chrUn_KI270374v1	0.0230	2656	0.0000	1.1672	31	1	1	0.4028	0	0.21
chrUn_KI270372v1	0.0000	1650	0.0000	0.0000	0	0	0	0.0000	0	0.00
chrUn_KI270373v1	0.0000	1451	0.0000	0.0000	0	0	0	0.0000	0	0.00
chrUn_KI270375v1	0.0000	2378	0.0000	0.0000	0	0	0	0.0000	0	0.00
chrUn_KI270371v1	0.0000	2805	0.0000	0.0000	0	0	0	0.0000	0	0.00
chrUn_KI270448v1	0.0325	7992	0.0000	2.3524	188	4	3	0.4720	0	0.22
chrUn_KI270521v1	0.0817	7642	0.0000	3.4023	260	7	9	0.5786	0	0.53
chrUn_GL000195v1	1.2642	182896	0.0000	17.7456	32456	3057	3015	0.5516	0	13.14
chrUn_GL000219v1	1.3252	179198	0.0000	7.1357	12787	3236	3243	0.6913	0	43.91
chrUn_GL000220v1	100.6432	161802	0.0000	27.9428	45212	178466	226996	0.6742	0	692.06
chrUn_GL000224v1	0.3993	179693	0.0000	8.9536	16089	1001	864	0.5594	0	6.71
chrUn_KI270741v1	0.2779	157432	0.0000	5.4970	8654	608	550	0.5561	0	6.90
chrUn_GL000226v1	0.0000	15008	0.0000	0.0000	0	0	0	0.0000	0	0.00
chrUn_GL000213v1	0.0306	164239	0.0000	0.7915	1300	66	65	0.6724	0	0.64
chrUn_KI270743v1	0.9508	210658	0.0000	11.2030	23600	2712	2643	0.6017	0	20.59
chrUn_KI270744v1	1.0858	168472	0.0000	18.0962	30487	2390	2416	0.5483	0	10.24
chrUn_KI270745v1	1.6825	41891	0.0000	30.5436	12795	914	912	0.5728	0	10.10
chrUn_KI270746v1	0.0479	66486	0.0000	2.8608	1902	42	47	0.3887	0	0.35
chrUn_KI270747v1	0.0017	198735	0.0000	0.1117	222	4	5	0.4266	0	0.05
chrUn_KI270748v1	0.0864	93321	0.0000	3.6583	3414	104	109	0.5742	0	1.32
chrUn_KI270749v1	0.0132	158759	0.0000	0.4340	689	26	34	0.5952	0	0.29
chrUn_KI270750v1	0.1267	148850	0.0000	2.1807	3246	275	215	0.5170	0	2.87
chrUn_KI270751v1	0.8723	150742	0.0000	9.7982	14770	1588	1867	0.5648	0	20.33
chrUn_KI270752v1	0.0011	27745	0.0000	0.1081	30	1	0	0.4722	0	0.03
chrUn_KI270753v1	0.0139	62944	0.0000	0.4703	296	15	9	0.4462	0	0.25
chrUn_KI270754v1	1.6565	40191	0.0000	32.1515	12922	890	852	0.6023	0	7.69
chrUn_KI270755v1	0.0000	36723	0.0000	0.0000	0	0	0	0.0000	0	0.00
chrUn_KI270756v1	0.0000	79590	0.0000	0.0000	0	0	0	0.0000	0	0.00
chrUn_KI270757v1	0.0053	71251	0.0000	0.4393	313	4	6	0.3837	0	0.08
chrUn_GL000214v1	1.7168	137718	0.0000	15.8948	21890	2721	3547	0.5799	0	27.34
chrUn_KI270742v1	4.4736	186739	0.0000	16.0861	30039	10938	10500	0.6431	0	199.34
chrUn_GL000216v2	0.0122	176608	0.0000	0.5645	997	31	32	0.5667	0	0.25
chrUn_GL000218v1	0.6258	161147	0.0000	9.6254	15511	1325	1353	0.5973	0	16.08
chrEBV	0.0000	171823	0.0000	0.0000	0	0	0	0.0000	0	0.00
