#ID	Avg_fold	Length	Ref_GC	Covered_percent	Covered_bases	Plus_reads	Minus_reads	Read_GC	Median_fold	Std_Dev
chr1	0.2693	248956422	0.0000	7.6335	19003983	855038	854139	0.5246	0	31.39
chr2	0.1101	242193529	0.0000	5.3026	12842506	347990	337246	0.5034	0	3.25
chr3	0.1086	198295559	0.0000	5.0296	9973381	280560	274520	0.5123	0	7.26
chr4	0.0775	190214555	0.0000	3.7752	7180922	193455	186412	0.4881	0	2.16
chr5	0.1155	181538259	0.0000	5.1505	9350080	276806	261176	0.5001	0	6.08
chr6	0.1815	170805979	0.0000	5.9447	10153966	400248	392190	0.5161	0	12.23
chr7	0.1751	159345973	0.0000	7.3984	11789122	344526	384138	0.5288	0	19.87
chr8	0.0979	145138636	0.0000	4.6045	6682976	188954	176283	0.5067	0	6.41
chr9	0.1159	138394717	0.0000	5.0283	6958933	203312	211631	0.5325	0	5.49
chr10	0.1088	133797422	0.0000	5.3448	7151271	189167	185495	0.5073	0	1.48
chr11	0.1458	135086622	0.0000	5.8241	7867602	254857	250218	0.5189	0	3.74
chr12	0.1487	133275309	0.0000	6.1588	8208099	266147	242972	0.5202	0	12.73
chr13	0.0548	114364328	0.0000	2.6793	3064165	77862	86206	0.5077	0	4.38
chr14	0.1390	107043718	0.0000	3.9650	4244314	179005	214833	0.5996	0	35.62
chr15	0.1345	101991189	0.0000	6.0960	6217333	178433	173310	0.5056	0	6.18
chr16	0.2144	90338345	0.0000	8.7959	7946034	250469	245528	0.5445	0	3.63
chr17	0.4006	83257441	0.0000	10.2572	8539913	422746	424733	0.5156	0	63.57
chr18	0.0669	80373285	0.0000	3.2786	2635079	70068	68513	0.4952	0	1.05
chr19	0.3793	58617616	0.0000	12.9007	7562096	279705	289734	0.5844	0	13.50
chr20	0.1384	64444167	0.0000	6.0838	3920684	115564	113858	0.5354	0	2.31
chr21	3.4253	46709983	0.0000	6.5371	3053464	2025482	1975583	0.6458	0	223.83
chr22	0.2112	50818468	0.0000	8.1936	4163859	138474	137341	0.5552	0	3.70
chrX	0.0651	156040895	0.0000	3.2349	5047721	133463	129879	0.5048	0	1.28
chrY	0.0061	57227415	0.0000	0.2924	167350	5093	4565	0.4736	0	0.35
chrM	989.4616	16569	0.0000	99.9698	16564	207543	205120	0.4469	752	1145.32
chr1_KI270706v1_random	1.3465	175055	0.0000	50.8794	89067	2989	2989	0.4719	1	6.61
chr1_KI270707v1_random	0.8167	32032	0.0000	36.5790	11717	319	349	0.4375	0	1.61
chr1_KI270708v1_random	0.0848	127682	0.0000	5.5356	7068	151	135	0.4368	0	0.42
chr1_KI270709v1_random	0.0110	66860	0.0000	0.8256	552	10	9	0.4293	0	0.13
chr1_KI270710v1_random	0.0017	40176	0.0000	0.0846	34	1	1	0.3951	0	0.06
chr1_KI270711v1_random	0.5400	42210	0.0000	31.9000	13465	292	294	0.4610	0	1.02
chr1_KI270712v1_random	0.0690	176043	0.0000	4.6818	8242	160	154	0.4921	0	0.35
chr1_KI270713v1_random	61.5926	40745	0.0000	15.3099	6238	29523	33094	0.5265	0	1097.88
chr1_KI270714v1_random	0.7261	41717	0.0000	8.5888	3583	387	385	0.5417	0	7.91
chr2_KI270715v1_random	0.0005	161471	0.0000	0.0495	80	1	1	0.3908	0	0.02
chr2_KI270716v1_random	0.0000	153799	0.0000	0.0000	0	0	0	0.0000	0	0.00
chr3_GL000221v1_random	1.7454	155397	0.0000	35.1416	54609	3413	3511	0.5279	0	30.69
chr4_GL000008v2_random	0.6983	209709	0.0000	29.6654	62211	1908	1830	0.4566	0	2.91
chr5_GL000208v1_random	0.0159	92689	0.0000	1.0853	1006	22	16	0.4265	0	0.17
chr9_KI270717v1_random	0.0324	40062	0.0000	2.1367	856	26	13	0.5476	0	0.36
chr9_KI270718v1_random	0.6239	38054	0.0000	11.3391	4315	303	317	0.6197	0	8.69
chr9_KI270719v1_random	0.3729	176845	0.0000	12.3374	21818	751	939	0.4177	0	3.12
chr9_KI270720v1_random	0.5119	39050	0.0000	30.2638	11818	237	276	0.4083	0	0.98
chr11_KI270721v1_random	0.3116	100316	0.0000	13.6549	13698	399	394	0.6342	0	1.54
chr14_GL000009v2_random	1.1610	201709	0.0000	40.9412	82582	2932	3031	0.4475	0	2.78
chr14_GL000225v1_random	0.0420	211173	0.0000	2.9478	6225	128	106	0.4775	0	0.33
chr14_KI270722v1_random	0.0542	194050	0.0000	3.2837	6372	144	133	0.4364	0	0.36
chr14_GL000194v1_random	0.7670	191469	0.0000	26.4111	50569	1840	1914	0.4988	0	4.18
chr14_KI270723v1_random	0.0333	38115	0.0000	1.5322	584	18	18	0.4850	0	0.35
chr14_KI270724v1_random	0.0554	39555	0.0000	1.7722	701	26	32	0.4971	0	0.63
chr14_KI270725v1_random	0.0179	172810	0.0000	1.2974	2242	41	40	0.4506	0	0.17
chr14_KI270726v1_random	0.2857	43739	0.0000	9.1086	3984	168	156	0.6303	0	2.50
chr15_KI270727v1_random	0.0152	448248	0.0000	0.9223	4134	98	85	0.4539	0	0.24
chr16_KI270728v1_random	0.0603	1872759	0.0000	2.1442	40156	1486	1440	0.5563	0	2.09
chr17_GL000205v2_random	0.8845	185591	0.0000	21.9343	40708	2033	2168	0.4657	0	3.71
chr17_KI270729v1_random	0.0362	280839	0.0000	1.4838	4167	133	134	0.4251	0	0.58
chr17_KI270730v1_random	0.0192	112551	0.0000	1.0662	1200	23	32	0.4095	0	0.22
chr22_KI270731v1_random	0.0806	150754	0.0000	3.9382	5937	163	164	0.5385	0	0.68
chr22_KI270732v1_random	0.0231	41543	0.0000	1.6296	677	13	12	0.4156	0	0.20
chr22_KI270733v1_random	658.7492	179772	0.0000	32.6781	58746	1485603	1472206	0.6525	0	2959.98
chr22_KI270734v1_random	0.1407	165050	0.0000	5.8382	9636	290	312	0.5864	0	1.45
chr22_KI270735v1_random	0.0141	42811	0.0000	1.1679	500	8	7	0.3837	0	0.14
chr22_KI270736v1_random	0.0100	181920	0.0000	0.6151	1119	18	30	0.4375	0	0.16
chr22_KI270737v1_random	0.0192	103838	0.0000	1.0863	1128	43	10	0.4125	0	0.24
chr22_KI270738v1_random	0.0148	99375	0.0000	0.5635	560	23	17	0.4642	0	0.28
chr22_KI270739v1_random	0.0078	73985	0.0000	0.4906	363	6	10	0.4710	0	0.15
chrY_KI270740v1_random	0.0000	37240	0.0000	0.0000	0	0	0	0.0000	0	0.00
chrUn_KI270302v1	0.0000	2274	0.0000	0.0000	0	0	0	0.0000	0	0.00
chrUn_KI270304v1	0.7797	2165	0.0000	34.1801	740	21	22	0.4206	0	1.44
chrUn_KI270303v1	0.9696	1942	0.0000	42.9454	834	22	26	0.4154	0	1.42
chrUn_KI270305v1	0.0000	1472	0.0000	0.0000	0	0	0	0.0000	0	0.00
chrUn_KI270322v1	0.0000	21476	0.0000	0.0000	0	0	0	0.0000	0	0.00
chrUn_KI270320v1	0.0000	4416	0.0000	0.0000	0	0	0	0.0000	0	0.00
chrUn_KI270310v1	1.4097	1201	0.0000	53.5387	643	20	23	0.4144	1	1.79
chrUn_KI270316v1	0.0000	1444	0.0000	0.0000	0	0	0	0.0000	0	0.00
chrUn_KI270315v1	0.0000	2276	0.0000	0.0000	0	0	0	0.0000	0	0.00
chrUn_KI270312v1	0.2004	998	0.0000	15.4309	154	3	2	0.4123	0	0.51
chrUn_KI270311v1	0.0000	12399	0.0000	0.0000	0	0	0	0.0000	0	0.00
chrUn_KI270317v1	0.0609	37690	0.0000	2.3348	880	27	31	0.4175	0	0.52
chrUn_KI270412v1	0.0339	1179	0.0000	3.3927	40	0	1	0.4468	0	0.18
chrUn_KI270411v1	0.1481	2646	0.0000	11.4512	303	2	8	0.3900	0	0.48
chrUn_KI270414v1	0.0000	2489	0.0000	0.0000	0	0	0	0.0000	0	0.00
chrUn_KI270419v1	0.0000	1029	0.0000	0.0000	0	0	0	0.0000	0	0.00
chrUn_KI270418v1	0.1641	2145	0.0000	9.3240	200	5	4	0.4227	0	0.57
chrUn_KI270420v1	0.0172	2321	0.0000	1.7234	40	1	0	0.4750	0	0.13
chrUn_KI270424v1	0.0187	2140	0.0000	1.8692	40	0	1	0.2750	0	0.14
chrUn_KI270417v1	0.0000	2043	0.0000	0.0000	0	0	0	0.0000	0	0.00
chrUn_KI270422v1	0.2208	1445	0.0000	13.1488	190	3	5	0.4192	0	0.62
chrUn_KI270423v1	0.0000	981	0.0000	0.0000	0	0	0	0.0000	0	0.00
chrUn_KI270425v1	0.0000	1884	0.0000	0.0000	0	0	0	0.0000	0	0.00
chrUn_KI270429v1	0.0000	1361	0.0000	0.0000	0	0	0	0.0000	0	0.00
chrUn_KI270442v1	0.1754	392061	0.0000	2.7386	10737	1177	597	0.4752	0	6.90
chrUn_KI270466v1	1.0243	1233	0.0000	46.3909	572	6	26	0.2330	0	1.69
chrUn_KI270465v1	0.2029	1774	0.0000	17.5874	312	7	2	0.3824	0	0.46
chrUn_KI270467v1	1.6918	3920	0.0000	39.2092	1537	57	111	0.2536	0	3.98
chrUn_KI270435v1	0.0159	92983	0.0000	1.2142	1129	20	18	0.4080	0	0.15
chrUn_KI270438v1	0.0245	112505	0.0000	1.8675	2101	36	37	0.4022	0	0.19
chrUn_KI270468v1	0.0000	4055	0.0000	0.0000	0	0	0	0.0000	0	0.00
chrUn_KI270510v1	0.0000	2415	0.0000	0.0000	0	0	0	0.0000	0	0.00
chrUn_KI270509v1	0.0000	2318	0.0000	0.0000	0	0	0	0.0000	0	0.00
chrUn_KI270518v1	0.0000	2186	0.0000	0.0000	0	0	0	0.0000	0	0.00
chrUn_KI270508v1	0.0420	1951	0.0000	4.2030	82	2	0	0.4255	0	0.20
chrUn_KI270516v1	0.0000	1300	0.0000	0.0000	0	0	0	0.0000	0	0.00
chrUn_KI270512v1	0.0138	22689	0.0000	1.2253	278	3	5	0.3959	0	0.13
chrUn_KI270519v1	0.0079	138126	0.0000	0.6407	885	14	15	0.4095	0	0.10
chrUn_KI270522v1	0.0000	5674	0.0000	0.0000	0	0	0	0.0000	0	0.00
chrUn_KI270511v1	0.0043	8127	0.0000	0.4307	35	1	0	0.4000	0	0.07
chrUn_KI270515v1	0.0000	6361	0.0000	0.0000	0	0	0	0.0000	0	0.00
chrUn_KI270507v1	0.0000	5353	0.0000	0.0000	0	0	0	0.0000	0	0.00
chrUn_KI270517v1	0.0000	3253	0.0000	0.0000	0	0	0	0.0000	0	0.00
chrUn_KI270529v1	0.0000	1899	0.0000	0.0000	0	0	0	0.0000	0	0.00
chrUn_KI270528v1	0.0000	2983	0.0000	0.0000	0	0	0	0.0000	0	0.00
chrUn_KI270530v1	0.0000	2168	0.0000	0.0000	0	0	0	0.0000	0	0.00
chrUn_KI270539v1	0.0000	993	0.0000	0.0000	0	0	0	0.0000	0	0.00
chrUn_KI270538v1	0.0066	91309	0.0000	0.4074	372	8	8	0.3802	0	0.11
chrUn_KI270544v1	0.1681	1202	0.0000	13.6439	164	4	1	0.4430	0	0.45
chrUn_KI270548v1	0.0000	1599	0.0000	0.0000	0	0	0	0.0000	0	0.00
chrUn_KI270583v1	0.1286	1400	0.0000	4.6429	65	4	2	0.4272	0	0.62
chrUn_KI270587v1	0.0404	2969	0.0000	2.7282	81	2	1	0.3622	0	0.26
chrUn_KI270580v1	0.1159	1553	0.0000	9.4656	147	2	3	0.3575	0	0.38
chrUn_KI270581v1	0.1761	7046	0.0000	12.8158	903	17	15	0.4230	0	0.50
chrUn_KI270579v1	0.2176	31033	0.0000	16.7660	5203	89	81	0.3842	0	0.54
chrUn_KI270589v1	0.0019	44474	0.0000	0.1327	59	2	1	0.3804	0	0.05
chrUn_KI270590v1	0.0000	4685	0.0000	0.0000	0	0	0	0.0000	0	0.00
chrUn_KI270584v1	0.0886	4513	0.0000	7.2679	328	6	4	0.3808	0	0.34
chrUn_KI270582v1	0.1530	6504	0.0000	14.4065	937	12	13	0.4189	0	0.39
chrUn_KI270588v1	0.0000	6158	0.0000	0.0000	0	0	0	0.0000	0	0.00
chrUn_KI270593v1	0.0132	3041	0.0000	1.3154	40	0	1	0.3500	0	0.11
chrUn_KI270591v1	0.0000	5796	0.0000	0.0000	0	0	0	0.0000	0	0.00
chrUn_KI270330v1	2.4873	1652	0.0000	41.7070	689	84	20	0.4484	0	8.07
chrUn_KI270329v1	0.0000	1040	0.0000	0.0000	0	0	0	0.0000	0	0.00
chrUn_KI270334v1	0.0000	1368	0.0000	0.0000	0	0	0	0.0000	0	0.00
chrUn_KI270333v1	0.1275	2699	0.0000	8.9663	242	7	2	0.2391	0	0.46
chrUn_KI270335v1	0.0000	1048	0.0000	0.0000	0	0	0	0.0000	0	0.00
chrUn_KI270338v1	0.0000	1428	0.0000	0.0000	0	0	0	0.0000	0	0.00
chrUn_KI270340v1	0.0000	1428	0.0000	0.0000	0	0	0	0.0000	0	0.00
chrUn_KI270336v1	0.0000	1026	0.0000	0.0000	0	0	0	0.0000	0	0.00
chrUn_KI270337v1	0.0999	1121	0.0000	3.9251	44	1	2	0.3438	0	0.52
chrUn_KI270363v1	0.0416	1803	0.0000	4.1597	75	0	2	0.3750	0	0.20
chrUn_KI270364v1	0.0140	2855	0.0000	1.4011	40	1	0	0.3500	0	0.12
chrUn_KI270362v1	0.0000	3530	0.0000	0.0000	0	0	0	0.0000	0	0.00
chrUn_KI270366v1	0.0000	8320	0.0000	0.0000	0	0	0	0.0000	0	0.00
chrUn_KI270378v1	0.0000	1048	0.0000	0.0000	0	0	0	0.0000	0	0.00
chrUn_KI270379v1	0.0383	1045	0.0000	3.8278	40	1	0	0.4255	0	0.19
chrUn_KI270389v1	0.0000	1298	0.0000	0.0000	0	0	0	0.0000	0	0.00
chrUn_KI270390v1	0.0000	2387	0.0000	0.0000	0	0	0	0.0000	0	0.00
chrUn_KI270387v1	0.0000	1537	0.0000	0.0000	0	0	0	0.0000	0	0.00
chrUn_KI270395v1	0.0000	1143	0.0000	0.0000	0	0	0	0.0000	0	0.00
chrUn_KI270396v1	0.0000	1880	0.0000	0.0000	0	0	0	0.0000	0	0.00
chrUn_KI270388v1	0.0000	1216	0.0000	0.0000	0	0	0	0.0000	0	0.00
chrUn_KI270394v1	0.0000	970	0.0000	0.0000	0	0	0	0.0000	0	0.00
chrUn_KI270386v1	0.0000	1788	0.0000	0.0000	0	0	0	0.0000	0	0.00
chrUn_KI270391v1	0.0000	1484	0.0000	0.0000	0	0	0	0.0000	0	0.00
chrUn_KI270383v1	0.0000	1750	0.0000	0.0000	0	0	0	0.0000	0	0.00
chrUn_KI270393v1	0.0000	1308	0.0000	0.0000	0	0	0	0.0000	0	0.00
chrUn_KI270384v1	0.0000	1658	0.0000	0.0000	0	0	0	0.0000	0	0.00
chrUn_KI270392v1	0.0000	971	0.0000	0.0000	0	0	0	0.0000	0	0.00
chrUn_KI270381v1	0.0000	1930	0.0000	0.0000	0	0	0	0.0000	0	0.00
chrUn_KI270385v1	0.0404	990	0.0000	4.0404	40	0	1	0.2750	0	0.20
chrUn_KI270382v1	0.0000	4215	0.0000	0.0000	0	0	0	0.0000	0	0.00
chrUn_KI270376v1	0.0000	1136	0.0000	0.0000	0	0	0	0.0000	0	0.00
chrUn_KI270374v1	0.0252	2656	0.0000	2.5226	67	1	1	0.1739	0	0.16
chrUn_KI270372v1	0.0176	1650	0.0000	1.7576	29	0	1	0.0000	0	0.13
chrUn_KI270373v1	0.0000	1451	0.0000	0.0000	0	0	0	0.0000	0	0.00
chrUn_KI270375v1	0.0164	2378	0.0000	1.6400	39	0	1	0.3250	0	0.13
chrUn_KI270371v1	0.0000	2805	0.0000	0.0000	0	0	0	0.0000	0	0.00
chrUn_KI270448v1	0.0353	7992	0.0000	3.5285	282	4	3	0.4053	0	0.18
chrUn_KI270521v1	0.0522	7642	0.0000	4.6977	359	6	4	0.4206	0	0.24
chrUn_GL000195v1	1.4668	182896	0.0000	39.5252	72290	3398	3427	0.4532	0	3.64
chrUn_GL000219v1	0.4449	179198	0.0000	16.7948	30096	1007	1049	0.5157	0	4.38
chrUn_GL000220v1	597.8286	161802	0.0000	35.7554	57853	1217910	1199371	0.6615	0	2861.21
chrUn_GL000224v1	0.5890	179693	0.0000	24.7600	44492	1310	1381	0.4804	0	2.16
chrUn_KI270741v1	0.3512	157432	0.0000	17.9767	28301	715	689	0.4714	0	1.79
chrUn_GL000226v1	0.0000	15008	0.0000	0.0000	0	0	0	0.0000	0	0.00
chrUn_GL000213v1	0.0199	164239	0.0000	0.9973	1638	50	37	0.5478	0	0.35
chrUn_KI270743v1	0.8450	210658	0.0000	28.3184	59655	2449	2096	0.5086	0	4.90
chrUn_KI270744v1	1.6189	168472	0.0000	36.9248	62208	3303	3639	0.4682	0	5.37
chrUn_KI270745v1	2.0100	41891	0.0000	62.4979	26181	1078	1050	0.5183	1	3.53
chrUn_KI270746v1	0.1756	66486	0.0000	11.0354	7337	138	162	0.3659	0	0.59
chrUn_KI270747v1	0.0026	198735	0.0000	0.2481	493	6	7	0.4359	0	0.05
chrUn_KI270748v1	0.1017	93321	0.0000	8.0882	7548	122	118	0.4635	0	0.40
chrUn_KI270749v1	0.0120	158759	0.0000	0.8453	1342	28	22	0.5287	0	0.14
chrUn_KI270750v1	0.1101	148850	0.0000	6.0423	8994	215	204	0.4461	0	0.99
chrUn_KI270751v1	0.8557	150742	0.0000	22.8384	34427	1633	1671	0.4815	0	5.31
chrUn_KI270752v1	0.0000	27745	0.0000	0.0000	0	0	0	0.0000	0	0.00
chrUn_KI270753v1	0.0152	62944	0.0000	1.2646	796	11	14	0.4811	0	0.15
chrUn_KI270754v1	1.9886	40191	0.0000	56.3634	22653	947	1080	0.5788	1	4.20
chrUn_KI270755v1	0.0088	36723	0.0000	0.5065	186	6	3	0.4715	0	0.15
chrUn_KI270756v1	0.0127	79590	0.0000	0.9360	745	21	5	0.3944	0	0.14
chrUn_KI270757v1	0.0036	71251	0.0000	0.3200	228	4	3	0.4432	0	0.07
chrUn_GL000214v1	1.2590	137718	0.0000	36.2168	49877	2145	2279	0.4853	0	4.32
chrUn_KI270742v1	1.9549	186739	0.0000	44.3105	82745	4588	4706	0.5034	0	28.16
chrUn_GL000216v2	0.0392	176608	0.0000	2.3215	4100	138	41	0.4212	0	0.36
chrUn_GL000218v1	0.9014	161147	0.0000	29.2131	47076	1829	1889	0.4923	0	5.16
chrEBV	0.0000	171823	0.0000	0.0000	0	0	0	0.0000	0	0.00
