#ID	Avg_fold	Length	Ref_GC	Covered_percent	Covered_bases	Plus_reads	Minus_reads	Read_GC	Median_fold	Std_Dev
chr1	0.3890	248956422	0.0000	2.3315	5804343	1148479	1154594	0.6106	0	32.44
chr2	0.2229	242193529	0.0000	1.7675	4280656	653189	635029	0.6329	0	9.65
chr3	0.2121	198295559	0.0000	1.6789	3329217	509325	493723	0.6345	0	8.96
chr4	0.1390	190214555	0.0000	1.1928	2268903	321191	310658	0.6290	0	6.21
chr5	0.2198	181538259	0.0000	1.6162	2933956	467616	486035	0.6365	0	10.05
chr6	0.2846	170805979	0.0000	2.0185	3447700	599819	560526	0.6080	0	17.46
chr7	0.2671	159345973	0.0000	1.9112	3045385	503193	511443	0.6409	0	13.75
chr8	0.1845	145138636	0.0000	1.5579	2261053	315612	324476	0.6409	0	7.15
chr9	0.2508	138394717	0.0000	1.8321	2535570	418036	409507	0.6442	0	12.21
chr10	0.2421	133797422	0.0000	1.9571	2618518	402285	370526	0.6356	0	8.70
chr11	0.3012	135086622	0.0000	2.0545	2775367	468715	501422	0.6376	0	13.10
chr12	0.3137	133275309	0.0000	2.2807	3039619	508306	490408	0.6214	0	13.86
chr13	0.1305	114364328	0.0000	1.1133	1273240	175037	182517	0.6339	0	6.72
chr14	0.2714	107043718	0.0000	1.9647	2103072	345786	346068	0.6171	0	24.17
chr15	0.2791	101991189	0.0000	2.0443	2084987	347862	330628	0.6333	0	11.54
chr16	0.4124	90338345	0.0000	2.8919	2612518	436077	450712	0.6560	0	12.84
chr17	0.7077	83257441	0.0000	4.0070	3336126	691631	707515	0.6158	0	49.66
chr18	0.1486	80373285	0.0000	1.3308	1069623	141172	144081	0.6390	0	7.74
chr19	0.8618	58617616	0.0000	5.1562	3022434	640538	561516	0.6425	0	23.29
chr20	0.3139	64444167	0.0000	2.3380	1506679	250812	231061	0.6486	0	10.44
chr21	0.3903	46709983	0.0000	2.0106	939162	291845	144629	0.6586	0	40.50
chr22	0.4070	50818468	0.0000	2.8427	1444632	244695	247972	0.6464	0	12.86
chrX	0.1058	156040895	0.0000	1.1398	1778568	202758	191738	0.6161	0	5.15
chrY	0.0139	57227415	0.0000	0.2565	146769	10675	8644	0.5515	0	0.99
chrM	100.9509	16569	0.0000	99.1309	16425	34325	8427	0.4391	73	188.68
chr1_KI270706v1_random	0.1994	175055	0.0000	2.7740	4856	326	498	0.5421	0	4.66
chr1_KI270707v1_random	0.0800	32032	0.0000	3.6620	1173	29	34	0.4982	0	0.56
chr1_KI270708v1_random	0.0393	127682	0.0000	1.3424	1714	49	78	0.4835	0	0.62
chr1_KI270709v1_random	0.0000	66860	0.0000	0.0000	0	0	0	0.0000	0	0.00
chr1_KI270710v1_random	0.0110	40176	0.0000	0.4530	182	9	1	0.5818	0	0.21
chr1_KI270711v1_random	0.0266	42210	0.0000	1.6868	712	12	17	0.4742	0	0.28
chr1_KI270712v1_random	0.0369	176043	0.0000	1.0941	1926	51	107	0.6376	0	0.74
chr1_KI270713v1_random	31.8801	40745	0.0000	8.6317	3517	2181	27748	0.4905	0	793.17
chr1_KI270714v1_random	0.3039	41717	0.0000	3.4063	1421	101	208	0.5129	0	3.74
chr2_KI270715v1_random	0.0000	161471	0.0000	0.0000	0	0	0	0.0000	0	0.00
chr2_KI270716v1_random	0.0000	153799	0.0000	0.0000	0	0	0	0.0000	0	0.00
chr3_GL000221v1_random	1.0112	155397	0.0000	5.1301	7972	708	2999	0.6246	0	26.50
chr4_GL000008v2_random	0.0633	209709	0.0000	1.6580	3477	238	89	0.5976	0	1.25
chr5_GL000208v1_random	0.0020	92689	0.0000	0.1661	154	2	3	0.4481	0	0.05
chr9_KI270717v1_random	0.0048	40062	0.0000	0.3095	124	1	4	0.5825	0	0.10
chr9_KI270718v1_random	2.4210	38054	0.0000	9.1055	3465	264	1891	0.6525	0	37.98
chr9_KI270719v1_random	0.2576	176845	0.0000	2.8850	5102	652	454	0.6406	0	2.82
chr9_KI270720v1_random	0.0122	39050	0.0000	0.9117	356	7	5	0.3808	0	0.14
chr11_KI270721v1_random	0.2372	100316	0.0000	2.4213	2429	476	90	0.7009	0	6.94
chr14_GL000009v2_random	0.0335	201709	0.0000	1.4709	2967	78	88	0.5425	0	0.44
chr14_GL000225v1_random	0.0102	211173	0.0000	0.5095	1076	38	18	0.6194	0	0.19
chr14_KI270722v1_random	0.0310	194050	0.0000	1.0100	1960	52	99	0.5191	0	0.47
chr14_GL000194v1_random	0.0912	191469	0.0000	1.9565	3746	171	249	0.5986	0	1.59
chr14_KI270723v1_random	0.0865	38115	0.0000	2.2590	861	40	46	0.5266	0	0.85
chr14_KI270724v1_random	0.1111	39555	0.0000	1.7849	706	43	65	0.5406	0	1.33
chr14_KI270725v1_random	0.0027	172810	0.0000	0.1915	331	5	8	0.5726	0	0.07
chr14_KI270726v1_random	0.5448	43739	0.0000	10.7181	4688	295	273	0.5226	0	5.14
chr15_KI270727v1_random	0.0288	448248	0.0000	0.7996	3584	94	219	0.6095	0	0.93
chr16_KI270728v1_random	0.0183	1872759	0.0000	0.5634	10552	358	493	0.5295	0	0.56
chr17_GL000205v2_random	3.6313	185591	0.0000	11.7522	21811	9145	7124	0.5486	0	30.41
chr17_KI270729v1_random	0.0006	280839	0.0000	0.0349	98	4	0	0.5698	0	0.04
chr17_KI270730v1_random	0.0006	112551	0.0000	0.0622	70	0	2	0.5429	0	0.02
chr22_KI270731v1_random	0.1589	150754	0.0000	2.0126	3034	270	311	0.6466	0	3.75
chr22_KI270732v1_random	0.0011	41543	0.0000	0.1059	44	1	0	0.4545	0	0.03
chr22_KI270733v1_random	19.2686	179772	0.0000	24.1706	43452	80278	2617	0.7173	0	506.07
chr22_KI270734v1_random	0.1838	165050	0.0000	2.1006	3467	390	340	0.6774	0	3.80
chr22_KI270735v1_random	0.0047	42811	0.0000	0.2056	88	0	5	0.5396	0	0.12
chr22_KI270736v1_random	0.0005	181920	0.0000	0.0456	83	2	0	0.3614	0	0.02
chr22_KI270737v1_random	0.0011	103838	0.0000	0.0703	73	3	0	0.4274	0	0.04
chr22_KI270738v1_random	0.0013	99375	0.0000	0.0443	44	3	0	0.4318	0	0.06
chr22_KI270739v1_random	0.0006	73985	0.0000	0.0581	43	0	1	0.3636	0	0.02
chrY_KI270740v1_random	0.0000	37240	0.0000	0.0000	0	0	0	0.0000	0	0.00
chrUn_KI270302v1	0.0000	2274	0.0000	0.0000	0	0	0	0.0000	0	0.00
chrUn_KI270304v1	0.0000	2165	0.0000	0.0000	0	0	0	0.0000	0	0.00
chrUn_KI270303v1	0.0000	1942	0.0000	0.0000	0	0	0	0.0000	0	0.00
chrUn_KI270305v1	0.0000	1472	0.0000	0.0000	0	0	0	0.0000	0	0.00
chrUn_KI270322v1	0.0000	21476	0.0000	0.0000	0	0	0	0.0000	0	0.00
chrUn_KI270320v1	0.0000	4416	0.0000	0.0000	0	0	0	0.0000	0	0.00
chrUn_KI270310v1	0.0000	1201	0.0000	0.0000	0	0	0	0.0000	0	0.00
chrUn_KI270316v1	0.0000	1444	0.0000	0.0000	0	0	0	0.0000	0	0.00
chrUn_KI270315v1	0.0000	2276	0.0000	0.0000	0	0	0	0.0000	0	0.00
chrUn_KI270312v1	0.0000	998	0.0000	0.0000	0	0	0	0.0000	0	0.00
chrUn_KI270311v1	0.0000	12399	0.0000	0.0000	0	0	0	0.0000	0	0.00
chrUn_KI270317v1	0.0000	37690	0.0000	0.0000	0	0	0	0.0000	0	0.00
chrUn_KI270412v1	0.0000	1179	0.0000	0.0000	0	0	0	0.0000	0	0.00
chrUn_KI270411v1	0.0000	2646	0.0000	0.0000	0	0	0	0.0000	0	0.00
chrUn_KI270414v1	0.0000	2489	0.0000	0.0000	0	0	0	0.0000	0	0.00
chrUn_KI270419v1	0.0000	1029	0.0000	0.0000	0	0	0	0.0000	0	0.00
chrUn_KI270418v1	0.0000	2145	0.0000	0.0000	0	0	0	0.0000	0	0.00
chrUn_KI270420v1	0.0000	2321	0.0000	0.0000	0	0	0	0.0000	0	0.00
chrUn_KI270424v1	0.0000	2140	0.0000	0.0000	0	0	0	0.0000	0	0.00
chrUn_KI270417v1	0.0000	2043	0.0000	0.0000	0	0	0	0.0000	0	0.00
chrUn_KI270422v1	0.0000	1445	0.0000	0.0000	0	0	0	0.0000	0	0.00
chrUn_KI270423v1	0.0000	981	0.0000	0.0000	0	0	0	0.0000	0	0.00
chrUn_KI270425v1	0.0000	1884	0.0000	0.0000	0	0	0	0.0000	0	0.00
chrUn_KI270429v1	0.0000	1361	0.0000	0.0000	0	0	0	0.0000	0	0.00
chrUn_KI270442v1	0.2772	392061	0.0000	1.1452	4490	866	1764	0.6278	0	8.26
chrUn_KI270466v1	0.0000	1233	0.0000	0.0000	0	0	0	0.0000	0	0.00
chrUn_KI270465v1	0.0000	1774	0.0000	0.0000	0	0	0	0.0000	0	0.00
chrUn_KI270467v1	0.0000	3920	0.0000	0.0000	0	0	0	0.0000	0	0.00
chrUn_KI270435v1	0.0005	92983	0.0000	0.0473	44	0	1	0.3636	0	0.02
chrUn_KI270438v1	0.0000	112505	0.0000	0.0000	0	0	0	0.0000	0	0.00
chrUn_KI270468v1	0.0000	4055	0.0000	0.0000	0	0	0	0.0000	0	0.00
chrUn_KI270510v1	0.0000	2415	0.0000	0.0000	0	0	0	0.0000	0	0.00
chrUn_KI270509v1	0.0000	2318	0.0000	0.0000	0	0	0	0.0000	0	0.00
chrUn_KI270518v1	0.0000	2186	0.0000	0.0000	0	0	0	0.0000	0	0.00
chrUn_KI270508v1	0.0000	1951	0.0000	0.0000	0	0	0	0.0000	0	0.00
chrUn_KI270516v1	0.0000	1300	0.0000	0.0000	0	0	0	0.0000	0	0.00
chrUn_KI270512v1	0.0000	22689	0.0000	0.0000	0	0	0	0.0000	0	0.00
chrUn_KI270519v1	0.0002	138126	0.0000	0.0188	26	1	0	0.5769	0	0.01
chrUn_KI270522v1	0.0000	5674	0.0000	0.0000	0	0	0	0.0000	0	0.00
chrUn_KI270511v1	0.0000	8127	0.0000	0.0000	0	0	0	0.0000	0	0.00
chrUn_KI270515v1	0.0000	6361	0.0000	0.0000	0	0	0	0.0000	0	0.00
chrUn_KI270507v1	0.0000	5353	0.0000	0.0000	0	0	0	0.0000	0	0.00
chrUn_KI270517v1	0.0000	3253	0.0000	0.0000	0	0	0	0.0000	0	0.00
chrUn_KI270529v1	0.0000	1899	0.0000	0.0000	0	0	0	0.0000	0	0.00
chrUn_KI270528v1	0.0000	2983	0.0000	0.0000	0	0	0	0.0000	0	0.00
chrUn_KI270530v1	0.0000	2168	0.0000	0.0000	0	0	0	0.0000	0	0.00
chrUn_KI270539v1	0.0000	993	0.0000	0.0000	0	0	0	0.0000	0	0.00
chrUn_KI270538v1	0.0000	91309	0.0000	0.0000	0	0	0	0.0000	0	0.00
chrUn_KI270544v1	0.0000	1202	0.0000	0.0000	0	0	0	0.0000	0	0.00
chrUn_KI270548v1	0.0000	1599	0.0000	0.0000	0	0	0	0.0000	0	0.00
chrUn_KI270583v1	0.0000	1400	0.0000	0.0000	0	0	0	0.0000	0	0.00
chrUn_KI270587v1	0.0000	2969	0.0000	0.0000	0	0	0	0.0000	0	0.00
chrUn_KI270580v1	0.0000	1553	0.0000	0.0000	0	0	0	0.0000	0	0.00
chrUn_KI270581v1	0.0000	7046	0.0000	0.0000	0	0	0	0.0000	0	0.00
chrUn_KI270579v1	0.0000	31033	0.0000	0.0000	0	0	0	0.0000	0	0.00
chrUn_KI270589v1	0.0000	44474	0.0000	0.0000	0	0	0	0.0000	0	0.00
chrUn_KI270590v1	0.0000	4685	0.0000	0.0000	0	0	0	0.0000	0	0.00
chrUn_KI270584v1	0.0000	4513	0.0000	0.0000	0	0	0	0.0000	0	0.00
chrUn_KI270582v1	0.0000	6504	0.0000	0.0000	0	0	0	0.0000	0	0.00
chrUn_KI270588v1	0.0000	6158	0.0000	0.0000	0	0	0	0.0000	0	0.00
chrUn_KI270593v1	0.0000	3041	0.0000	0.0000	0	0	0	0.0000	0	0.00
chrUn_KI270591v1	0.0000	5796	0.0000	0.0000	0	0	0	0.0000	0	0.00
chrUn_KI270330v1	0.0000	1652	0.0000	0.0000	0	0	0	0.0000	0	0.00
chrUn_KI270329v1	0.0000	1040	0.0000	0.0000	0	0	0	0.0000	0	0.00
chrUn_KI270334v1	0.0000	1368	0.0000	0.0000	0	0	0	0.0000	0	0.00
chrUn_KI270333v1	0.0000	2699	0.0000	0.0000	0	0	0	0.0000	0	0.00
chrUn_KI270335v1	0.0000	1048	0.0000	0.0000	0	0	0	0.0000	0	0.00
chrUn_KI270338v1	0.0000	1428	0.0000	0.0000	0	0	0	0.0000	0	0.00
chrUn_KI270340v1	0.0000	1428	0.0000	0.0000	0	0	0	0.0000	0	0.00
chrUn_KI270336v1	0.0000	1026	0.0000	0.0000	0	0	0	0.0000	0	0.00
chrUn_KI270337v1	0.0000	1121	0.0000	0.0000	0	0	0	0.0000	0	0.00
chrUn_KI270363v1	0.0000	1803	0.0000	0.0000	0	0	0	0.0000	0	0.00
chrUn_KI270364v1	0.0000	2855	0.0000	0.0000	0	0	0	0.0000	0	0.00
chrUn_KI270362v1	0.0000	3530	0.0000	0.0000	0	0	0	0.0000	0	0.00
chrUn_KI270366v1	0.0000	8320	0.0000	0.0000	0	0	0	0.0000	0	0.00
chrUn_KI270378v1	0.0000	1048	0.0000	0.0000	0	0	0	0.0000	0	0.00
chrUn_KI270379v1	0.0000	1045	0.0000	0.0000	0	0	0	0.0000	0	0.00
chrUn_KI270389v1	0.0000	1298	0.0000	0.0000	0	0	0	0.0000	0	0.00
chrUn_KI270390v1	0.0000	2387	0.0000	0.0000	0	0	0	0.0000	0	0.00
chrUn_KI270387v1	0.0000	1537	0.0000	0.0000	0	0	0	0.0000	0	0.00
chrUn_KI270395v1	0.0000	1143	0.0000	0.0000	0	0	0	0.0000	0	0.00
chrUn_KI270396v1	0.0000	1880	0.0000	0.0000	0	0	0	0.0000	0	0.00
chrUn_KI270388v1	0.0000	1216	0.0000	0.0000	0	0	0	0.0000	0	0.00
chrUn_KI270394v1	0.0000	970	0.0000	0.0000	0	0	0	0.0000	0	0.00
chrUn_KI270386v1	0.0000	1788	0.0000	0.0000	0	0	0	0.0000	0	0.00
chrUn_KI270391v1	0.0000	1484	0.0000	0.0000	0	0	0	0.0000	0	0.00
chrUn_KI270383v1	0.0251	1750	0.0000	2.5143	44	1	0	0.4091	0	0.16
chrUn_KI270393v1	0.0000	1308	0.0000	0.0000	0	0	0	0.0000	0	0.00
chrUn_KI270384v1	0.0000	1658	0.0000	0.0000	0	0	0	0.0000	0	0.00
chrUn_KI270392v1	0.0000	971	0.0000	0.0000	0	0	0	0.0000	0	0.00
chrUn_KI270381v1	0.0000	1930	0.0000	0.0000	0	0	0	0.0000	0	0.00
chrUn_KI270385v1	0.0000	990	0.0000	0.0000	0	0	0	0.0000	0	0.00
chrUn_KI270382v1	0.0000	4215	0.0000	0.0000	0	0	0	0.0000	0	0.00
chrUn_KI270376v1	0.0000	1136	0.0000	0.0000	0	0	0	0.0000	0	0.00
chrUn_KI270374v1	0.0000	2656	0.0000	0.0000	0	0	0	0.0000	0	0.00
chrUn_KI270372v1	0.0000	1650	0.0000	0.0000	0	0	0	0.0000	0	0.00
chrUn_KI270373v1	0.0000	1451	0.0000	0.0000	0	0	0	0.0000	0	0.00
chrUn_KI270375v1	0.0000	2378	0.0000	0.0000	0	0	0	0.0000	0	0.00
chrUn_KI270371v1	0.0000	2805	0.0000	0.0000	0	0	0	0.0000	0	0.00
chrUn_KI270448v1	0.0055	7992	0.0000	0.5506	44	0	1	0.4545	0	0.07
chrUn_KI270521v1	0.0094	7642	0.0000	0.9422	72	1	1	0.5694	0	0.10
chrUn_GL000195v1	1.6817	182896	0.0000	10.5131	19228	4350	3044	0.5690	0	14.78
chrUn_GL000219v1	1.1816	179198	0.0000	4.3689	7829	2271	2915	0.6387	0	26.83
chrUn_GL000220v1	19.5675	161802	0.0000	25.3847	41073	73463	2604	0.7247	0	475.65
chrUn_GL000224v1	0.0526	179693	0.0000	1.5037	2702	181	50	0.5632	0	1.15
chrUn_KI270741v1	0.0471	157432	0.0000	0.9382	1477	154	27	0.5780	0	1.21
chrUn_GL000226v1	0.0000	15008	0.0000	0.0000	0	0	0	0.0000	0	0.00
chrUn_GL000213v1	0.0052	164239	0.0000	0.3812	626	12	11	0.5606	0	0.10
chrUn_KI270743v1	0.1546	210658	0.0000	2.1400	4508	612	164	0.5648	0	3.76
chrUn_KI270744v1	0.0444	168472	0.0000	1.6329	2751	101	89	0.5695	0	0.49
chrUn_KI270745v1	0.0306	41891	0.0000	2.3728	994	28	3	0.5039	0	0.22
chrUn_KI270746v1	0.0052	66486	0.0000	0.3865	257	5	3	0.4659	0	0.10
chrUn_KI270747v1	0.0015	198735	0.0000	0.0911	181	0	7	0.5728	0	0.06
chrUn_KI270748v1	0.0424	93321	0.0000	1.3030	1216	72	23	0.6696	0	0.78
chrUn_KI270749v1	0.0110	158759	0.0000	0.2860	454	6	37	0.6424	0	0.41
chrUn_KI270750v1	0.0092	148850	0.0000	0.3487	519	17	18	0.5797	0	0.21
chrUn_KI270751v1	0.0289	150742	0.0000	0.8219	1239	32	75	0.5659	0	0.71
chrUn_KI270752v1	0.0000	27745	0.0000	0.0000	0	0	0	0.0000	0	0.00
chrUn_KI270753v1	0.0028	62944	0.0000	0.2081	131	3	1	0.5170	0	0.06
chrUn_KI270754v1	0.0487	40191	0.0000	1.1794	474	23	22	0.6037	0	0.66
chrUn_KI270755v1	0.0024	36723	0.0000	0.1198	44	0	2	0.5000	0	0.07
chrUn_KI270756v1	0.0000	79590	0.0000	0.0000	0	0	0	0.0000	0	0.00
chrUn_KI270757v1	0.0011	71251	0.0000	0.1123	80	2	0	0.3580	0	0.03
chrUn_GL000214v1	0.2148	137718	0.0000	1.7398	2396	189	511	0.5863	0	5.80
chrUn_KI270742v1	0.8703	186739	0.0000	4.6391	8663	871	2966	0.6182	0	24.47
chrUn_GL000216v2	0.0041	176608	0.0000	0.3675	649	9	9	0.5368	0	0.07
chrUn_GL000218v1	0.0924	161147	0.0000	1.4782	2382	202	160	0.6032	0	2.08
chrEBV	11.6043	171823	0.0000	46.7830	80384	32714	15409	0.6358	0	171.17
