#ID	Avg_fold	Length	Ref_GC	Covered_percent	Covered_bases	Plus_reads	Minus_reads	Read_GC	Median_fold	Std_Dev
chr1	1.2726	248956422	0.0000	2.0839	5188040	3650776	3770909	0.5872	0	91.70
chr2	0.6313	242193529	0.0000	1.5799	3826472	1810357	1788416	0.6272	0	26.14
chr3	0.6146	198295559	0.0000	1.5157	3005505	1442694	1424015	0.6301	0	27.32
chr4	0.3931	190214555	0.0000	1.0465	1990531	908946	853717	0.6237	0	17.53
chr5	0.6137	181538259	0.0000	1.4526	2637008	1306055	1319472	0.6316	0	27.71
chr6	0.8399	170805979	0.0000	1.7808	3041728	1782562	1595114	0.5977	0	49.39
chr7	0.7419	159345973	0.0000	1.7412	2774521	1391125	1388223	0.6352	0	37.29
chr8	0.5077	145138636	0.0000	1.4077	2043072	864251	874359	0.6332	0	19.85
chr9	0.7009	138394717	0.0000	1.6303	2256241	1145042	1136157	0.6396	0	34.07
chr10	0.6573	133797422	0.0000	1.7083	2285605	1073513	996191	0.6318	0	23.14
chr11	0.8401	135086622	0.0000	1.8547	2505506	1261657	1407458	0.6324	0	38.27
chr12	0.8690	133275309	0.0000	2.0168	2687902	1373287	1351336	0.6166	0	42.01
chr13	0.3579	114364328	0.0000	0.9585	1096174	468495	496961	0.6294	0	16.82
chr14	0.8439	107043718	0.0000	1.7683	1892891	1072302	1047215	0.5983	0	65.32
chr15	0.7851	101991189	0.0000	1.8055	1841455	960142	922988	0.6308	0	32.90
chr16	1.1197	90338345	0.0000	2.6211	2367852	1186003	1189650	0.6527	0	34.68
chr17	2.3099	83257441	0.0000	3.6111	3006503	2198783	2288711	0.5602	0	108.55
chr18	0.4077	80373285	0.0000	1.1603	932546	373909	397890	0.6330	0	20.57
chr19	2.3298	58617616	0.0000	4.7784	2800974	1696447	1511658	0.6386	0	59.17
chr20	0.8554	64444167	0.0000	2.1101	1359831	669007	627314	0.6436	0	28.23
chr21	1.1754	46709983	0.0000	1.7771	830083	968505	341360	0.6662	0	126.37
chr22	1.0565	50818468	0.0000	2.5576	1299747	615270	646423	0.6454	0	32.12
chrX	0.3210	156040895	0.0000	1.0506	1639372	599917	582878	0.6163	0	15.45
chrY	0.0076	57227415	0.0000	0.0893	51090	5934	5018	0.5549	0	0.81
chrM	487.5665	16569	0.0000	98.7929	16369	160759	47787	0.4409	268	1473.07
chr1_KI270706v1_random	0.2047	175055	0.0000	1.8406	3222	543	317	0.5614	0	2.50
chr1_KI270707v1_random	0.0979	32032	0.0000	2.2321	715	32	46	0.5121	0	0.75
chr1_KI270708v1_random	0.0751	127682	0.0000	0.9978	1274	79	153	0.4968	0	1.70
chr1_KI270709v1_random	0.0011	66860	0.0000	0.0568	38	0	2	0.2895	0	0.05
chr1_KI270710v1_random	0.0000	40176	0.0000	0.0000	0	0	0	0.0000	0	0.00
chr1_KI270711v1_random	0.1012	42210	0.0000	1.9569	826	30	70	0.4840	0	0.88
chr1_KI270712v1_random	0.1190	176043	0.0000	1.1264	1983	276	228	0.5757	0	2.21
chr1_KI270713v1_random	202.7832	40745	0.0000	8.9042	3628	7606	181836	0.4871	0	2169.82
chr1_KI270714v1_random	0.7641	41717	0.0000	3.0971	1292	194	588	0.5093	0	9.30
chr2_KI270715v1_random	0.0000	161471	0.0000	0.0000	0	0	0	0.0000	0	0.00
chr2_KI270716v1_random	0.0000	153799	0.0000	0.0000	0	0	0	0.0000	0	0.00
chr3_GL000221v1_random	1.8788	155397	0.0000	3.3836	5258	1046	5735	0.6359	0	53.06
chr4_GL000008v2_random	0.1086	209709	0.0000	1.2155	2549	343	216	0.5674	0	2.03
chr5_GL000208v1_random	0.0005	92689	0.0000	0.0475	44	1	0	0.4545	0	0.02
chr9_KI270717v1_random	0.3452	40062	0.0000	4.7776	1914	106	219	0.5887	0	2.10
chr9_KI270718v1_random	7.8831	38054	0.0000	6.8850	2620	932	6010	0.6297	0	114.83
chr9_KI270719v1_random	0.9941	176845	0.0000	3.2266	5706	2269	1967	0.6425	0	9.45
chr9_KI270720v1_random	0.0306	39050	0.0000	0.4942	193	7	22	0.3741	0	0.50
chr11_KI270721v1_random	0.6260	100316	0.0000	2.1293	2136	1285	192	0.6986	0	18.59
chr14_GL000009v2_random	0.1536	201709	0.0000	1.1581	2336	288	460	0.5788	0	3.96
chr14_GL000225v1_random	0.0350	211173	0.0000	0.5971	1261	151	29	0.5681	0	0.81
chr14_KI270722v1_random	0.0662	194050	0.0000	0.9127	1771	105	209	0.5035	0	1.51
chr14_GL000194v1_random	0.3946	191469	0.0000	1.8724	3585	650	1143	0.6280	0	8.04
chr14_KI270723v1_random	0.1394	38115	0.0000	1.4666	559	48	85	0.5259	0	1.78
chr14_KI270724v1_random	0.1055	39555	0.0000	1.2464	493	61	44	0.5588	0	1.20
chr14_KI270725v1_random	0.0189	172810	0.0000	0.5029	869	37	47	0.5817	0	0.32
chr14_KI270726v1_random	0.1212	43739	0.0000	1.3558	593	52	85	0.5240	0	1.23
chr15_KI270727v1_random	0.2686	448248	0.0000	1.1991	5375	1271	1568	0.6455	0	4.50
chr16_KI270728v1_random	0.0874	1872759	0.0000	0.7350	13765	1461	2504	0.5352	0	2.14
chr17_GL000205v2_random	4.5370	185591	0.0000	7.4982	13916	10215	9881	0.5491	0	37.98
chr17_KI270729v1_random	0.0027	280839	0.0000	0.0620	174	15	3	0.4689	0	0.13
chr17_KI270730v1_random	0.0000	112551	0.0000	0.0000	0	0	0	0.0000	0	0.00
chr22_KI270731v1_random	0.4287	150754	0.0000	2.1465	3236	370	1161	0.6163	0	10.84
chr22_KI270732v1_random	0.0105	41543	0.0000	0.2118	88	10	0	0.6000	0	0.23
chr22_KI270733v1_random	75.2644	179772	0.0000	21.7548	39109	322753	3379	0.7026	0	1437.83
chr22_KI270734v1_random	0.6734	165050	0.0000	2.2018	3634	1436	1175	0.6455	0	14.59
chr22_KI270735v1_random	0.0021	42811	0.0000	0.1028	44	0	2	0.5682	0	0.06
chr22_KI270736v1_random	0.0027	181920	0.0000	0.0484	88	0	11	0.5579	0	0.16
chr22_KI270737v1_random	0.0109	103838	0.0000	0.1281	133	4	23	0.4522	0	0.35
chr22_KI270738v1_random	0.0022	99375	0.0000	0.0855	85	4	1	0.4545	0	0.09
chr22_KI270739v1_random	0.0107	73985	0.0000	0.1649	122	0	18	0.3965	0	0.27
chrY_KI270740v1_random	0.0000	37240	0.0000	0.0000	0	0	0	0.0000	0	0.00
chrUn_KI270302v1	0.0000	2274	0.0000	0.0000	0	0	0	0.0000	0	0.00
chrUn_KI270304v1	0.0000	2165	0.0000	0.0000	0	0	0	0.0000	0	0.00
chrUn_KI270303v1	0.0000	1942	0.0000	0.0000	0	0	0	0.0000	0	0.00
chrUn_KI270305v1	0.0000	1472	0.0000	0.0000	0	0	0	0.0000	0	0.00
chrUn_KI270322v1	0.0000	21476	0.0000	0.0000	0	0	0	0.0000	0	0.00
chrUn_KI270320v1	0.0000	4416	0.0000	0.0000	0	0	0	0.0000	0	0.00
chrUn_KI270310v1	0.0000	1201	0.0000	0.0000	0	0	0	0.0000	0	0.00
chrUn_KI270316v1	0.0000	1444	0.0000	0.0000	0	0	0	0.0000	0	0.00
chrUn_KI270315v1	0.0000	2276	0.0000	0.0000	0	0	0	0.0000	0	0.00
chrUn_KI270312v1	0.0000	998	0.0000	0.0000	0	0	0	0.0000	0	0.00
chrUn_KI270311v1	0.0000	12399	0.0000	0.0000	0	0	0	0.0000	0	0.00
chrUn_KI270317v1	0.0000	37690	0.0000	0.0000	0	0	0	0.0000	0	0.00
chrUn_KI270412v1	0.0000	1179	0.0000	0.0000	0	0	0	0.0000	0	0.00
chrUn_KI270411v1	0.0000	2646	0.0000	0.0000	0	0	0	0.0000	0	0.00
chrUn_KI270414v1	0.0000	2489	0.0000	0.0000	0	0	0	0.0000	0	0.00
chrUn_KI270419v1	0.0000	1029	0.0000	0.0000	0	0	0	0.0000	0	0.00
chrUn_KI270418v1	0.0000	2145	0.0000	0.0000	0	0	0	0.0000	0	0.00
chrUn_KI270420v1	0.0000	2321	0.0000	0.0000	0	0	0	0.0000	0	0.00
chrUn_KI270424v1	0.0000	2140	0.0000	0.0000	0	0	0	0.0000	0	0.00
chrUn_KI270417v1	0.0000	2043	0.0000	0.0000	0	0	0	0.0000	0	0.00
chrUn_KI270422v1	0.0000	1445	0.0000	0.0000	0	0	0	0.0000	0	0.00
chrUn_KI270423v1	0.0000	981	0.0000	0.0000	0	0	0	0.0000	0	0.00
chrUn_KI270425v1	0.0000	1884	0.0000	0.0000	0	0	0	0.0000	0	0.00
chrUn_KI270429v1	0.0000	1361	0.0000	0.0000	0	0	0	0.0000	0	0.00
chrUn_KI270442v1	0.7494	392061	0.0000	0.9636	3778	2201	4891	0.6046	0	21.84
chrUn_KI270466v1	0.0000	1233	0.0000	0.0000	0	0	0	0.0000	0	0.00
chrUn_KI270465v1	0.0000	1774	0.0000	0.0000	0	0	0	0.0000	0	0.00
chrUn_KI270467v1	0.0000	3920	0.0000	0.0000	0	0	0	0.0000	0	0.00
chrUn_KI270435v1	0.0049	92983	0.0000	0.0796	74	13	0	0.5863	0	0.18
chrUn_KI270438v1	0.0110	112505	0.0000	0.1680	189	30	1	0.4632	0	0.33
chrUn_KI270468v1	0.0000	4055	0.0000	0.0000	0	0	0	0.0000	0	0.00
chrUn_KI270510v1	0.0000	2415	0.0000	0.0000	0	0	0	0.0000	0	0.00
chrUn_KI270509v1	0.0000	2318	0.0000	0.0000	0	0	0	0.0000	0	0.00
chrUn_KI270518v1	0.0000	2186	0.0000	0.0000	0	0	0	0.0000	0	0.00
chrUn_KI270508v1	0.0000	1951	0.0000	0.0000	0	0	0	0.0000	0	0.00
chrUn_KI270516v1	0.0000	1300	0.0000	0.0000	0	0	0	0.0000	0	0.00
chrUn_KI270512v1	0.0136	22689	0.0000	0.1939	44	7	0	0.5000	0	0.31
chrUn_KI270519v1	0.0053	138126	0.0000	0.0311	43	0	17	0.6364	0	0.30
chrUn_KI270522v1	0.0000	5674	0.0000	0.0000	0	0	0	0.0000	0	0.00
chrUn_KI270511v1	0.0000	8127	0.0000	0.0000	0	0	0	0.0000	0	0.00
chrUn_KI270515v1	0.0000	6361	0.0000	0.0000	0	0	0	0.0000	0	0.00
chrUn_KI270507v1	0.0000	5353	0.0000	0.0000	0	0	0	0.0000	0	0.00
chrUn_KI270517v1	0.0000	3253	0.0000	0.0000	0	0	0	0.0000	0	0.00
chrUn_KI270529v1	0.0000	1899	0.0000	0.0000	0	0	0	0.0000	0	0.00
chrUn_KI270528v1	0.0000	2983	0.0000	0.0000	0	0	0	0.0000	0	0.00
chrUn_KI270530v1	0.0000	2168	0.0000	0.0000	0	0	0	0.0000	0	0.00
chrUn_KI270539v1	0.0000	993	0.0000	0.0000	0	0	0	0.0000	0	0.00
chrUn_KI270538v1	0.0018	91309	0.0000	0.0920	84	3	1	0.5366	0	0.07
chrUn_KI270544v1	0.0000	1202	0.0000	0.0000	0	0	0	0.0000	0	0.00
chrUn_KI270548v1	0.0000	1599	0.0000	0.0000	0	0	0	0.0000	0	0.00
chrUn_KI270583v1	0.0000	1400	0.0000	0.0000	0	0	0	0.0000	0	0.00
chrUn_KI270587v1	0.0000	2969	0.0000	0.0000	0	0	0	0.0000	0	0.00
chrUn_KI270580v1	0.0000	1553	0.0000	0.0000	0	0	0	0.0000	0	0.00
chrUn_KI270581v1	0.0000	7046	0.0000	0.0000	0	0	0	0.0000	0	0.00
chrUn_KI270579v1	0.0113	31033	0.0000	0.1418	44	0	8	0.4091	0	0.30
chrUn_KI270589v1	0.0020	44474	0.0000	0.0989	44	0	2	0.3864	0	0.06
chrUn_KI270590v1	0.0000	4685	0.0000	0.0000	0	0	0	0.0000	0	0.00
chrUn_KI270584v1	0.0000	4513	0.0000	0.0000	0	0	0	0.0000	0	0.00
chrUn_KI270582v1	0.0000	6504	0.0000	0.0000	0	0	0	0.0000	0	0.00
chrUn_KI270588v1	0.0000	6158	0.0000	0.0000	0	0	0	0.0000	0	0.00
chrUn_KI270593v1	0.0000	3041	0.0000	0.0000	0	0	0	0.0000	0	0.00
chrUn_KI270591v1	0.0000	5796	0.0000	0.0000	0	0	0	0.0000	0	0.00
chrUn_KI270330v1	0.0000	1652	0.0000	0.0000	0	0	0	0.0000	0	0.00
chrUn_KI270329v1	0.0000	1040	0.0000	0.0000	0	0	0	0.0000	0	0.00
chrUn_KI270334v1	0.0000	1368	0.0000	0.0000	0	0	0	0.0000	0	0.00
chrUn_KI270333v1	0.0000	2699	0.0000	0.0000	0	0	0	0.0000	0	0.00
chrUn_KI270335v1	0.0000	1048	0.0000	0.0000	0	0	0	0.0000	0	0.00
chrUn_KI270338v1	0.0000	1428	0.0000	0.0000	0	0	0	0.0000	0	0.00
chrUn_KI270340v1	0.0000	1428	0.0000	0.0000	0	0	0	0.0000	0	0.00
chrUn_KI270336v1	0.0000	1026	0.0000	0.0000	0	0	0	0.0000	0	0.00
chrUn_KI270337v1	0.0000	1121	0.0000	0.0000	0	0	0	0.0000	0	0.00
chrUn_KI270363v1	0.0000	1803	0.0000	0.0000	0	0	0	0.0000	0	0.00
chrUn_KI270364v1	0.0000	2855	0.0000	0.0000	0	0	0	0.0000	0	0.00
chrUn_KI270362v1	0.0000	3530	0.0000	0.0000	0	0	0	0.0000	0	0.00
chrUn_KI270366v1	0.0053	8320	0.0000	0.5288	44	1	0	0.3636	0	0.07
chrUn_KI270378v1	0.0000	1048	0.0000	0.0000	0	0	0	0.0000	0	0.00
chrUn_KI270379v1	0.0421	1045	0.0000	4.2105	44	0	1	0.3864	0	0.20
chrUn_KI270389v1	0.0000	1298	0.0000	0.0000	0	0	0	0.0000	0	0.00
chrUn_KI270390v1	0.0000	2387	0.0000	0.0000	0	0	0	0.0000	0	0.00
chrUn_KI270387v1	0.0000	1537	0.0000	0.0000	0	0	0	0.0000	0	0.00
chrUn_KI270395v1	0.0000	1143	0.0000	0.0000	0	0	0	0.0000	0	0.00
chrUn_KI270396v1	0.0000	1880	0.0000	0.0000	0	0	0	0.0000	0	0.00
chrUn_KI270388v1	0.0000	1216	0.0000	0.0000	0	0	0	0.0000	0	0.00
chrUn_KI270394v1	0.0000	970	0.0000	0.0000	0	0	0	0.0000	0	0.00
chrUn_KI270386v1	0.0000	1788	0.0000	0.0000	0	0	0	0.0000	0	0.00
chrUn_KI270391v1	0.0000	1484	0.0000	0.0000	0	0	0	0.0000	0	0.00
chrUn_KI270383v1	0.0000	1750	0.0000	0.0000	0	0	0	0.0000	0	0.00
chrUn_KI270393v1	0.0000	1308	0.0000	0.0000	0	0	0	0.0000	0	0.00
chrUn_KI270384v1	0.0000	1658	0.0000	0.0000	0	0	0	0.0000	0	0.00
chrUn_KI270392v1	0.0000	971	0.0000	0.0000	0	0	0	0.0000	0	0.00
chrUn_KI270381v1	0.0000	1930	0.0000	0.0000	0	0	0	0.0000	0	0.00
chrUn_KI270385v1	0.0000	990	0.0000	0.0000	0	0	0	0.0000	0	0.00
chrUn_KI270382v1	0.0000	4215	0.0000	0.0000	0	0	0	0.0000	0	0.00
chrUn_KI270376v1	0.0000	1136	0.0000	0.0000	0	0	0	0.0000	0	0.00
chrUn_KI270374v1	0.0000	2656	0.0000	0.0000	0	0	0	0.0000	0	0.00
chrUn_KI270372v1	0.0000	1650	0.0000	0.0000	0	0	0	0.0000	0	0.00
chrUn_KI270373v1	0.0000	1451	0.0000	0.0000	0	0	0	0.0000	0	0.00
chrUn_KI270375v1	0.0000	2378	0.0000	0.0000	0	0	0	0.0000	0	0.00
chrUn_KI270371v1	0.0000	2805	0.0000	0.0000	0	0	0	0.0000	0	0.00
chrUn_KI270448v1	0.0000	7992	0.0000	0.0000	0	0	0	0.0000	0	0.00
chrUn_KI270521v1	0.0058	7642	0.0000	0.5758	44	1	0	0.6591	0	0.08
chrUn_GL000195v1	2.3050	182896	0.0000	6.7705	12383	6547	3432	0.5714	0	26.37
chrUn_GL000219v1	0.7522	179198	0.0000	1.4370	2575	2017	1327	0.6782	0	24.05
chrUn_GL000220v1	81.3619	161802	0.0000	23.4855	38000	313186	4511	0.7076	0	1480.83
chrUn_GL000224v1	0.0217	179693	0.0000	0.4619	830	79	18	0.4381	0	0.45
chrUn_KI270741v1	0.0059	157432	0.0000	0.1232	194	25	1	0.4625	0	0.24
chrUn_GL000226v1	0.0000	15008	0.0000	0.0000	0	0	0	0.0000	0	0.00
chrUn_GL000213v1	0.0305	164239	0.0000	0.5023	825	52	72	0.6272	0	0.60
chrUn_KI270743v1	0.2150	210658	0.0000	1.6486	3473	649	443	0.5930	0	3.99
chrUn_KI270744v1	0.2552	168472	0.0000	2.0621	3474	647	382	0.6093	0	5.06
chrUn_KI270745v1	0.0870	41891	0.0000	2.0100	842	79	10	0.4684	0	0.88
chrUn_KI270746v1	0.0142	66486	0.0000	0.3835	255	5	17	0.4502	0	0.30
chrUn_KI270747v1	0.0104	198735	0.0000	0.2742	545	7	40	0.5706	0	0.25
chrUn_KI270748v1	0.1898	93321	0.0000	1.7317	1616	309	106	0.6253	0	3.14
chrUn_KI270749v1	0.0393	158759	0.0000	0.4126	655	47	102	0.6303	0	1.18
chrUn_KI270750v1	0.0777	148850	0.0000	0.7733	1151	218	65	0.6017	0	1.40
chrUn_KI270751v1	0.0790	150742	0.0000	0.9699	1462	146	152	0.5284	0	1.22
chrUn_KI270752v1	0.0000	27745	0.0000	0.0000	0	0	0	0.0000	0	0.00
chrUn_KI270753v1	0.0437	62944	0.0000	0.5846	368	23	40	0.5122	0	0.74
chrUn_KI270754v1	0.0853	40191	0.0000	0.6942	279	13	68	0.5685	0	1.24
chrUn_KI270755v1	0.0324	36723	0.0000	0.7189	264	26	1	0.5202	0	0.42
chrUn_KI270756v1	0.0000	79590	0.0000	0.0000	0	0	0	0.0000	0	0.00
chrUn_KI270757v1	0.0049	71251	0.0000	0.1235	88	8	0	0.4034	0	0.16
chrUn_GL000214v1	0.2800	137718	0.0000	1.7158	2363	396	541	0.6115	0	4.66
chrUn_KI270742v1	1.6326	186739	0.0000	3.0834	5758	1211	5888	0.6326	0	48.61
chrUn_GL000216v2	0.0148	176608	0.0000	0.2503	442	16	49	0.5369	0	0.37
chrUn_GL000218v1	0.4218	161147	0.0000	1.7692	2851	719	908	0.6181	0	8.60
chrEBV	28.8537	171823	0.0000	35.8759	61643	75054	43082	0.6701	0	175.11
