#ID	Avg_fold	Length	Ref_GC	Covered_percent	Covered_bases	Plus_reads	Minus_reads	Read_GC	Median_fold	Std_Dev
chr1	1.1585	248956422	0.0000	3.8269	9527196	3288445	3415383	0.5957	0	90.93
chr2	0.6229	242193529	0.0000	2.9841	7227200	1778444	1733826	0.6295	0	28.54
chr3	0.6097	198295559	0.0000	2.8830	5716906	1433498	1380285	0.6316	0	29.52
chr4	0.3918	190214555	0.0000	2.0212	3844683	878580	857583	0.6274	0	17.20
chr5	0.6257	181538259	0.0000	2.7254	4947644	1283276	1363572	0.6348	0	28.88
chr6	0.8113	170805979	0.0000	3.2827	5607125	1670681	1556689	0.6036	0	47.63
chr7	0.7258	159345973	0.0000	3.2765	5221033	1358567	1332507	0.6368	0	37.29
chr8	0.5001	145138636	0.0000	2.6409	3832925	839141	853897	0.6350	0	18.73
chr9	0.6882	138394717	0.0000	3.1433	4350227	1113279	1104723	0.6396	0	34.07
chr10	0.6605	133797422	0.0000	3.2917	4404195	1070678	987269	0.6316	0	23.28
chr11	0.8115	135086622	0.0000	3.4510	4661775	1214211	1338457	0.6338	0	33.66
chr12	0.8676	133275309	0.0000	3.7638	5016197	1377168	1314336	0.6183	0	45.36
chr13	0.3545	114364328	0.0000	1.8777	2147436	467720	477892	0.6301	0	15.65
chr14	0.7964	107043718	0.0000	3.2251	3452235	1002532	978289	0.6073	0	67.93
chr15	0.7591	101991189	0.0000	3.3788	3446057	922843	878691	0.6305	0	30.85
chr16	1.0910	90338345	0.0000	4.9646	4484935	1135206	1157840	0.6515	0	33.71
chr17	1.9714	83257441	0.0000	6.7105	5586956	1847976	1963641	0.5934	0	108.87
chr18	0.4025	80373285	0.0000	2.2190	1783510	377468	375794	0.6339	0	23.95
chr19	2.2758	58617616	0.0000	8.7276	5115914	1672756	1431410	0.6379	0	62.90
chr20	0.8555	64444167	0.0000	4.0171	2588807	676835	605894	0.6414	0	33.95
chr21	1.1933	46709983	0.0000	3.1103	1452816	967392	352032	0.6582	0	98.14
chr22	1.0478	50818468	0.0000	4.8905	2485284	613789	624912	0.6420	0	30.96
chrX	0.3256	156040895	0.0000	1.9781	3086704	600258	584101	0.6181	0	16.03
chrY	0.0072	57227415	0.0000	0.1481	84739	5163	4850	0.5492	0	0.82
chrM	815.0282	16569	0.0000	99.6198	16506	304322	40026	0.4509	526	2239.92
chr1_KI270706v1_random	0.1039	175055	0.0000	2.2696	3973	195	234	0.5531	0	1.98
chr1_KI270707v1_random	0.0201	32032	0.0000	1.5328	491	5	10	0.5077	0	0.18
chr1_KI270708v1_random	0.0191	127682	0.0000	0.8333	1064	37	20	0.5491	0	0.26
chr1_KI270709v1_random	0.0022	66860	0.0000	0.1541	103	3	1	0.4490	0	0.06
chr1_KI270710v1_random	0.0058	40176	0.0000	0.3062	123	2	4	0.5776	0	0.11
chr1_KI270711v1_random	0.1128	42210	0.0000	5.9844	2526	32	83	0.4825	0	0.59
chr1_KI270712v1_random	0.1047	176043	0.0000	2.3835	4196	209	226	0.6027	0	1.57
chr1_KI270713v1_random	154.4551	40745	0.0000	14.7405	6006	4220	139834	0.4863	0	2163.31
chr1_KI270714v1_random	0.7189	41717	0.0000	6.4626	2696	300	405	0.5221	0	6.92
chr2_KI270715v1_random	0.0000	161471	0.0000	0.0000	0	0	0	0.0000	0	0.00
chr2_KI270716v1_random	0.0000	153799	0.0000	0.0000	0	0	0	0.0000	0	0.00
chr3_GL000221v1_random	0.2840	155397	0.0000	2.2684	3525	214	801	0.6254	0	7.03
chr4_GL000008v2_random	0.0470	209709	0.0000	1.1387	2388	170	59	0.6022	0	0.88
chr5_GL000208v1_random	0.0009	92689	0.0000	0.0949	88	2	0	0.3523	0	0.03
chr9_KI270717v1_random	0.0984	40062	0.0000	4.6777	1874	23	73	0.5772	0	0.56
chr9_KI270718v1_random	7.4073	38054	0.0000	15.7434	5991	670	5828	0.6399	0	113.74
chr9_KI270719v1_random	0.9025	176845	0.0000	4.4434	7858	2202	1572	0.6490	0	9.69
chr9_KI270720v1_random	0.0482	39050	0.0000	2.4584	960	8	40	0.4223	0	0.34
chr11_KI270721v1_random	0.6711	100316	0.0000	5.4986	5516	1227	347	0.6973	0	16.59
chr14_GL000009v2_random	0.0634	201709	0.0000	1.6370	3302	193	107	0.5694	0	1.33
chr14_GL000225v1_random	0.0305	211173	0.0000	1.1138	2352	102	51	0.6102	0	0.52
chr14_KI270722v1_random	0.0159	194050	0.0000	0.6406	1243	40	37	0.5275	0	0.26
chr14_GL000194v1_random	0.2703	191469	0.0000	3.4261	6560	506	706	0.6170	0	5.06
chr14_KI270723v1_random	0.2170	38115	0.0000	3.0251	1153	49	148	0.5152	0	2.22
chr14_KI270724v1_random	0.3470	39555	0.0000	2.2930	907	164	161	0.5281	0	3.99
chr14_KI270725v1_random	0.0133	172810	0.0000	0.7013	1212	25	31	0.5394	0	0.22
chr14_KI270726v1_random	0.2124	43739	0.0000	3.4134	1493	111	107	0.5394	0	2.41
chr15_KI270727v1_random	0.1177	448248	0.0000	1.9717	8838	466	759	0.5889	0	1.67
chr16_KI270728v1_random	0.0652	1872759	0.0000	1.1020	20638	1116	1781	0.5593	0	2.12
chr17_GL000205v2_random	7.3597	185591	0.0000	14.2534	26453	16776	15304	0.5513	0	59.31
chr17_KI270729v1_random	0.0011	280839	0.0000	0.0434	122	7	1	0.4589	0	0.06
chr17_KI270730v1_random	0.0000	112551	0.0000	0.0000	0	0	0	0.0000	0	0.00
chr22_KI270731v1_random	0.3201	150754	0.0000	4.1730	6291	562	574	0.5966	0	4.49
chr22_KI270732v1_random	0.0051	41543	0.0000	0.3009	125	4	1	0.4909	0	0.10
chr22_KI270733v1_random	64.4475	179772	0.0000	27.8759	50113	275944	4699	0.6805	0	777.98
chr22_KI270734v1_random	0.6081	165050	0.0000	4.1696	6882	832	1504	0.6510	0	12.86
chr22_KI270735v1_random	0.0041	42811	0.0000	0.3083	132	2	2	0.4148	0	0.08
chr22_KI270736v1_random	0.0004	181920	0.0000	0.0412	75	2	0	0.5200	0	0.02
chr22_KI270737v1_random	0.0029	103838	0.0000	0.1656	172	1	6	0.4309	0	0.09
chr22_KI270738v1_random	0.0025	99375	0.0000	0.1197	119	1	5	0.5000	0	0.09
chr22_KI270739v1_random	0.0024	73985	0.0000	0.1784	132	0	4	0.4091	0	0.06
chrY_KI270740v1_random	0.0000	37240	0.0000	0.0000	0	0	0	0.0000	0	0.00
chrUn_KI270302v1	0.0000	2274	0.0000	0.0000	0	0	0	0.0000	0	0.00
chrUn_KI270304v1	0.0000	2165	0.0000	0.0000	0	0	0	0.0000	0	0.00
chrUn_KI270303v1	0.0000	1942	0.0000	0.0000	0	0	0	0.0000	0	0.00
chrUn_KI270305v1	0.0000	1472	0.0000	0.0000	0	0	0	0.0000	0	0.00
chrUn_KI270322v1	0.0014	21476	0.0000	0.1397	30	0	1	0.4118	0	0.04
chrUn_KI270320v1	0.0000	4416	0.0000	0.0000	0	0	0	0.0000	0	0.00
chrUn_KI270310v1	0.0000	1201	0.0000	0.0000	0	0	0	0.0000	0	0.00
chrUn_KI270316v1	0.0000	1444	0.0000	0.0000	0	0	0	0.0000	0	0.00
chrUn_KI270315v1	0.0000	2276	0.0000	0.0000	0	0	0	0.0000	0	0.00
chrUn_KI270312v1	0.0000	998	0.0000	0.0000	0	0	0	0.0000	0	0.00
chrUn_KI270311v1	0.0000	12399	0.0000	0.0000	0	0	0	0.0000	0	0.00
chrUn_KI270317v1	0.0000	37690	0.0000	0.0000	0	0	0	0.0000	0	0.00
chrUn_KI270412v1	0.0000	1179	0.0000	0.0000	0	0	0	0.0000	0	0.00
chrUn_KI270411v1	0.0333	2646	0.0000	3.3258	88	2	0	0.4091	0	0.18
chrUn_KI270414v1	0.0000	2489	0.0000	0.0000	0	0	0	0.0000	0	0.00
chrUn_KI270419v1	0.0000	1029	0.0000	0.0000	0	0	0	0.0000	0	0.00
chrUn_KI270418v1	0.0000	2145	0.0000	0.0000	0	0	0	0.0000	0	0.00
chrUn_KI270420v1	0.0000	2321	0.0000	0.0000	0	0	0	0.0000	0	0.00
chrUn_KI270424v1	0.0000	2140	0.0000	0.0000	0	0	0	0.0000	0	0.00
chrUn_KI270417v1	0.0000	2043	0.0000	0.0000	0	0	0	0.0000	0	0.00
chrUn_KI270422v1	0.0000	1445	0.0000	0.0000	0	0	0	0.0000	0	0.00
chrUn_KI270423v1	0.0000	981	0.0000	0.0000	0	0	0	0.0000	0	0.00
chrUn_KI270425v1	0.0000	1884	0.0000	0.0000	0	0	0	0.0000	0	0.00
chrUn_KI270429v1	0.0000	1361	0.0000	0.0000	0	0	0	0.0000	0	0.00
chrUn_KI270442v1	0.8462	392061	0.0000	1.3860	5434	2171	5664	0.6290	0	29.91
chrUn_KI270466v1	0.1071	1233	0.0000	3.5685	44	3	0	0.2273	0	0.56
chrUn_KI270465v1	0.0496	1774	0.0000	2.4803	44	2	0	0.4091	0	0.31
chrUn_KI270467v1	0.0337	3920	0.0000	1.1224	44	3	0	0.2273	0	0.32
chrUn_KI270435v1	0.0026	92983	0.0000	0.1140	106	2	5	0.5976	0	0.10
chrUn_KI270438v1	0.0023	112505	0.0000	0.0782	88	0	6	0.4621	0	0.09
chrUn_KI270468v1	0.0000	4055	0.0000	0.0000	0	0	0	0.0000	0	0.00
chrUn_KI270510v1	0.0000	2415	0.0000	0.0000	0	0	0	0.0000	0	0.00
chrUn_KI270509v1	0.0000	2318	0.0000	0.0000	0	0	0	0.0000	0	0.00
chrUn_KI270518v1	0.0000	2186	0.0000	0.0000	0	0	0	0.0000	0	0.00
chrUn_KI270508v1	0.0000	1951	0.0000	0.0000	0	0	0	0.0000	0	0.00
chrUn_KI270516v1	0.0000	1300	0.0000	0.0000	0	0	0	0.0000	0	0.00
chrUn_KI270512v1	0.0097	22689	0.0000	0.5818	132	1	4	0.5227	0	0.13
chrUn_KI270519v1	0.0000	138126	0.0000	0.0000	0	0	0	0.0000	0	0.00
chrUn_KI270522v1	0.0000	5674	0.0000	0.0000	0	0	0	0.0000	0	0.00
chrUn_KI270511v1	0.0000	8127	0.0000	0.0000	0	0	0	0.0000	0	0.00
chrUn_KI270515v1	0.0000	6361	0.0000	0.0000	0	0	0	0.0000	0	0.00
chrUn_KI270507v1	0.0000	5353	0.0000	0.0000	0	0	0	0.0000	0	0.00
chrUn_KI270517v1	0.0000	3253	0.0000	0.0000	0	0	0	0.0000	0	0.00
chrUn_KI270529v1	0.0000	1899	0.0000	0.0000	0	0	0	0.0000	0	0.00
chrUn_KI270528v1	0.0000	2983	0.0000	0.0000	0	0	0	0.0000	0	0.00
chrUn_KI270530v1	0.0000	2168	0.0000	0.0000	0	0	0	0.0000	0	0.00
chrUn_KI270539v1	0.0000	993	0.0000	0.0000	0	0	0	0.0000	0	0.00
chrUn_KI270538v1	0.0005	91309	0.0000	0.0482	44	0	1	0.4091	0	0.02
chrUn_KI270544v1	0.0000	1202	0.0000	0.0000	0	0	0	0.0000	0	0.00
chrUn_KI270548v1	0.1576	1599	0.0000	1.7511	28	0	9	0.2857	0	1.18
chrUn_KI270583v1	0.0000	1400	0.0000	0.0000	0	0	0	0.0000	0	0.00
chrUn_KI270587v1	0.0000	2969	0.0000	0.0000	0	0	0	0.0000	0	0.00
chrUn_KI270580v1	0.0000	1553	0.0000	0.0000	0	0	0	0.0000	0	0.00
chrUn_KI270581v1	0.0000	7046	0.0000	0.0000	0	0	0	0.0000	0	0.00
chrUn_KI270579v1	0.0000	31033	0.0000	0.0000	0	0	0	0.0000	0	0.00
chrUn_KI270589v1	0.0000	44474	0.0000	0.0000	0	0	0	0.0000	0	0.00
chrUn_KI270590v1	0.0000	4685	0.0000	0.0000	0	0	0	0.0000	0	0.00
chrUn_KI270584v1	0.0000	4513	0.0000	0.0000	0	0	0	0.0000	0	0.00
chrUn_KI270582v1	0.0203	6504	0.0000	0.6765	44	3	0	0.4545	0	0.25
chrUn_KI270588v1	0.0000	6158	0.0000	0.0000	0	0	0	0.0000	0	0.00
chrUn_KI270593v1	0.0000	3041	0.0000	0.0000	0	0	0	0.0000	0	0.00
chrUn_KI270591v1	0.0000	5796	0.0000	0.0000	0	0	0	0.0000	0	0.00
chrUn_KI270330v1	0.0266	1652	0.0000	2.6634	44	0	1	0.5227	0	0.16
chrUn_KI270329v1	0.0000	1040	0.0000	0.0000	0	0	0	0.0000	0	0.00
chrUn_KI270334v1	0.0000	1368	0.0000	0.0000	0	0	0	0.0000	0	0.00
chrUn_KI270333v1	0.0000	2699	0.0000	0.0000	0	0	0	0.0000	0	0.00
chrUn_KI270335v1	0.0000	1048	0.0000	0.0000	0	0	0	0.0000	0	0.00
chrUn_KI270338v1	0.0000	1428	0.0000	0.0000	0	0	0	0.0000	0	0.00
chrUn_KI270340v1	0.0000	1428	0.0000	0.0000	0	0	0	0.0000	0	0.00
chrUn_KI270336v1	0.0000	1026	0.0000	0.0000	0	0	0	0.0000	0	0.00
chrUn_KI270337v1	0.0000	1121	0.0000	0.0000	0	0	0	0.0000	0	0.00
chrUn_KI270363v1	0.0000	1803	0.0000	0.0000	0	0	0	0.0000	0	0.00
chrUn_KI270364v1	0.0000	2855	0.0000	0.0000	0	0	0	0.0000	0	0.00
chrUn_KI270362v1	0.0000	3530	0.0000	0.0000	0	0	0	0.0000	0	0.00
chrUn_KI270366v1	0.0000	8320	0.0000	0.0000	0	0	0	0.0000	0	0.00
chrUn_KI270378v1	0.0000	1048	0.0000	0.0000	0	0	0	0.0000	0	0.00
chrUn_KI270379v1	0.0000	1045	0.0000	0.0000	0	0	0	0.0000	0	0.00
chrUn_KI270389v1	0.0000	1298	0.0000	0.0000	0	0	0	0.0000	0	0.00
chrUn_KI270390v1	0.0000	2387	0.0000	0.0000	0	0	0	0.0000	0	0.00
chrUn_KI270387v1	0.0000	1537	0.0000	0.0000	0	0	0	0.0000	0	0.00
chrUn_KI270395v1	0.0000	1143	0.0000	0.0000	0	0	0	0.0000	0	0.00
chrUn_KI270396v1	0.0000	1880	0.0000	0.0000	0	0	0	0.0000	0	0.00
chrUn_KI270388v1	0.0000	1216	0.0000	0.0000	0	0	0	0.0000	0	0.00
chrUn_KI270394v1	0.0000	970	0.0000	0.0000	0	0	0	0.0000	0	0.00
chrUn_KI270386v1	0.0000	1788	0.0000	0.0000	0	0	0	0.0000	0	0.00
chrUn_KI270391v1	0.0000	1484	0.0000	0.0000	0	0	0	0.0000	0	0.00
chrUn_KI270383v1	0.0000	1750	0.0000	0.0000	0	0	0	0.0000	0	0.00
chrUn_KI270393v1	0.0000	1308	0.0000	0.0000	0	0	0	0.0000	0	0.00
chrUn_KI270384v1	0.0000	1658	0.0000	0.0000	0	0	0	0.0000	0	0.00
chrUn_KI270392v1	0.0000	971	0.0000	0.0000	0	0	0	0.0000	0	0.00
chrUn_KI270381v1	0.0000	1930	0.0000	0.0000	0	0	0	0.0000	0	0.00
chrUn_KI270385v1	0.0000	990	0.0000	0.0000	0	0	0	0.0000	0	0.00
chrUn_KI270382v1	0.0000	4215	0.0000	0.0000	0	0	0	0.0000	0	0.00
chrUn_KI270376v1	0.0000	1136	0.0000	0.0000	0	0	0	0.0000	0	0.00
chrUn_KI270374v1	0.0000	2656	0.0000	0.0000	0	0	0	0.0000	0	0.00
chrUn_KI270372v1	0.0000	1650	0.0000	0.0000	0	0	0	0.0000	0	0.00
chrUn_KI270373v1	0.0000	1451	0.0000	0.0000	0	0	0	0.0000	0	0.00
chrUn_KI270375v1	0.0000	2378	0.0000	0.0000	0	0	0	0.0000	0	0.00
chrUn_KI270371v1	0.0000	2805	0.0000	0.0000	0	0	0	0.0000	0	0.00
chrUn_KI270448v1	0.0055	7992	0.0000	0.5506	44	0	1	0.5227	0	0.07
chrUn_KI270521v1	0.0288	7642	0.0000	1.1515	88	4	1	0.6318	0	0.31
chrUn_GL000195v1	4.6722	182896	0.0000	14.6028	26708	12451	7666	0.5830	0	43.88
chrUn_GL000219v1	3.5341	179198	0.0000	8.1909	14678	6091	8820	0.6328	0	71.82
chrUn_GL000220v1	81.5305	161802	0.0000	30.5367	49409	311324	5456	0.6969	0	1143.76
chrUn_GL000224v1	0.0373	179693	0.0000	1.6294	2928	81	79	0.5409	0	0.40
chrUn_KI270741v1	0.0217	157432	0.0000	0.9433	1485	58	26	0.5306	0	0.30
chrUn_GL000226v1	0.0000	15008	0.0000	0.0000	0	0	0	0.0000	0	0.00
chrUn_GL000213v1	0.0267	164239	0.0000	0.9389	1542	39	64	0.5956	0	0.39
chrUn_KI270743v1	0.0917	210658	0.0000	1.6767	3532	290	162	0.5710	0	1.44
chrUn_KI270744v1	0.1545	168472	0.0000	2.9417	4956	308	306	0.5572	0	1.64
chrUn_KI270745v1	0.1612	41891	0.0000	8.2070	3438	148	15	0.5329	0	0.79
chrUn_KI270746v1	0.0138	66486	0.0000	0.7701	512	17	5	0.4641	0	0.17
chrUn_KI270747v1	0.0033	198735	0.0000	0.1907	379	1	14	0.4647	0	0.08
chrUn_KI270748v1	0.3844	93321	0.0000	3.6991	3452	684	148	0.6823	0	7.51
chrUn_KI270749v1	0.0305	158759	0.0000	0.7653	1215	36	82	0.5918	0	1.00
chrUn_KI270750v1	0.0291	148850	0.0000	0.8371	1246	58	45	0.5720	0	0.47
chrUn_KI270751v1	0.0258	150742	0.0000	0.9427	1421	35	58	0.5649	0	0.52
chrUn_KI270752v1	0.0000	27745	0.0000	0.0000	0	0	0	0.0000	0	0.00
chrUn_KI270753v1	0.0137	62944	0.0000	0.5338	336	17	3	0.5482	0	0.24
chrUn_KI270754v1	0.1192	40191	0.0000	1.8711	752	37	75	0.5963	0	1.79
chrUn_KI270755v1	0.0164	36723	0.0000	0.4847	178	8	6	0.5323	0	0.32
chrUn_KI270756v1	0.0000	79590	0.0000	0.0000	0	0	0	0.0000	0	0.00
chrUn_KI270757v1	0.0012	71251	0.0000	0.1221	87	1	1	0.4205	0	0.03
chrUn_GL000214v1	0.1523	137718	0.0000	2.0360	2804	166	328	0.5909	0	2.90
chrUn_KI270742v1	0.2607	186739	0.0000	2.0965	3915	281	839	0.6192	0	6.52
chrUn_GL000216v2	0.0103	176608	0.0000	0.6387	1128	23	20	0.6164	0	0.18
chrUn_GL000218v1	0.1629	161147	0.0000	2.4146	3891	324	290	0.6029	0	2.77
chrEBV	149.9069	171823	0.0000	90.4524	155418	184430	415909	0.6829	16	1527.76
