#ID	Avg_fold	Length	Ref_GC	Covered_percent	Covered_bases	Plus_reads	Minus_reads	Read_GC	Median_fold	Std_Dev
chr1	1.1218	248956422	0.0000	4.0371	10050601	3252463	3262795	0.5878	0	89.75
chr2	0.5865	242193529	0.0000	3.0654	7424317	1682011	1638848	0.6204	0	24.87
chr3	0.5874	198295559	0.0000	3.0522	6052351	1370709	1351500	0.6222	0	26.44
chr4	0.3742	190214555	0.0000	2.1254	4042853	847084	817981	0.6165	0	15.14
chr5	0.5733	181538259	0.0000	2.8632	5197821	1183881	1253207	0.6225	0	24.62
chr6	0.7941	170805979	0.0000	3.4073	5819933	1638066	1532441	0.5936	0	47.61
chr7	0.6903	159345973	0.0000	3.3959	5411281	1283847	1286136	0.6283	0	31.63
chr8	0.4732	145138636	0.0000	2.7148	3940244	803500	805211	0.6262	0	17.16
chr9	0.6579	138394717	0.0000	3.2148	4449147	1064769	1064030	0.6310	0	29.85
chr10	0.6194	133797422	0.0000	3.3755	4516347	1007688	929083	0.6237	0	20.57
chr11	0.7745	135086622	0.0000	3.5932	4853962	1162476	1283299	0.6254	0	29.59
chr12	0.8223	133275309	0.0000	3.9220	5226995	1287726	1274670	0.6092	0	38.87
chr13	0.3322	114364328	0.0000	1.8777	2147388	435758	454120	0.6216	0	14.31
chr14	0.7524	107043718	0.0000	3.3146	3548047	949268	929625	0.6001	0	64.74
chr15	0.7191	101991189	0.0000	3.4916	3561107	876884	836689	0.6219	0	27.49
chr16	1.0212	90338345	0.0000	4.9554	4476634	1075301	1079165	0.6454	0	29.96
chr17	2.0404	83257441	0.0000	6.7674	5634348	1911902	2039652	0.5681	0	106.24
chr18	0.3821	80373285	0.0000	2.3257	1869238	354796	363719	0.6248	0	20.92
chr19	2.1309	58617616	0.0000	8.5400	5005960	1568816	1349732	0.6330	0	56.08
chr20	0.8068	64444167	0.0000	4.0415	2604526	634781	580158	0.6367	0	32.76
chr21	1.3320	46709983	0.0000	3.2445	1515487	1125594	351866	0.6569	0	124.91
chr22	0.9819	50818468	0.0000	4.8268	2452902	572419	593196	0.6369	0	27.68
chrX	0.2746	156040895	0.0000	1.9201	2996201	508124	496466	0.6076	0	11.94
chrY	0.0399	57227415	0.0000	0.4462	255359	30593	23354	0.5395	0	2.76
chrM	1265.2143	16569	0.0000	100.0000	16569	449250	80836	0.4430	819	3092.57
chr1_KI270706v1_random	0.2788	175055	0.0000	4.2638	7464	496	649	0.5307	0	4.96
chr1_KI270707v1_random	0.1780	32032	0.0000	5.7380	1838	79	56	0.4943	0	1.17
chr1_KI270708v1_random	0.0662	127682	0.0000	2.1303	2720	98	106	0.4838	0	0.82
chr1_KI270709v1_random	0.0079	66860	0.0000	0.5265	352	9	3	0.4110	0	0.12
chr1_KI270710v1_random	0.0079	40176	0.0000	0.3460	139	6	5	0.5899	0	0.17
chr1_KI270711v1_random	0.1314	42210	0.0000	5.4584	2304	26	109	0.4856	0	0.75
chr1_KI270712v1_random	0.1029	176043	0.0000	2.5011	4403	211	229	0.5654	0	1.42
chr1_KI270713v1_random	147.0220	40745	0.0000	13.8864	5658	4177	133022	0.4848	0	2164.55
chr1_KI270714v1_random	0.4907	41717	0.0000	5.6380	2352	120	362	0.5302	0	4.59
chr2_KI270715v1_random	0.0000	161471	0.0000	0.0000	0	0	0	0.0000	0	0.00
chr2_KI270716v1_random	0.0000	153799	0.0000	0.0000	0	0	0	0.0000	0	0.00
chr3_GL000221v1_random	0.9415	155397	0.0000	7.1327	11084	920	2506	0.5942	0	17.96
chr4_GL000008v2_random	0.1267	209709	0.0000	2.8859	6052	384	253	0.5519	0	1.61
chr5_GL000208v1_random	0.0067	92689	0.0000	0.4057	376	14	1	0.3890	0	0.11
chr9_KI270717v1_random	0.2201	40062	0.0000	6.5873	2639	48	163	0.5568	0	1.18
chr9_KI270718v1_random	6.5662	38054	0.0000	16.7315	6367	614	5143	0.6364	0	100.17
chr9_KI270719v1_random	1.0500	176845	0.0000	5.2368	9261	2649	1741	0.6361	0	11.57
chr9_KI270720v1_random	0.1161	39050	0.0000	3.2625	1274	43	65	0.4510	0	1.01
chr11_KI270721v1_random	0.5381	100316	0.0000	3.9784	3991	1038	231	0.6899	0	13.31
chr14_GL000009v2_random	0.2055	201709	0.0000	3.5442	7149	561	430	0.5438	0	3.50
chr14_GL000225v1_random	0.0292	211173	0.0000	1.0546	2227	79	75	0.5546	0	0.40
chr14_KI270722v1_random	0.0577	194050	0.0000	1.7964	3486	127	146	0.5025	0	0.71
chr14_GL000194v1_random	0.6321	191469	0.0000	6.2041	11879	1129	1721	0.5916	0	10.37
chr14_KI270723v1_random	0.1957	38115	0.0000	3.8987	1486	64	119	0.5099	0	1.97
chr14_KI270724v1_random	0.2249	39555	0.0000	2.6166	1035	93	120	0.5359	0	2.92
chr14_KI270725v1_random	0.0091	172810	0.0000	0.5168	893	22	15	0.5254	0	0.16
chr14_KI270726v1_random	0.0552	43739	0.0000	1.5638	684	34	25	0.5370	0	0.52
chr15_KI270727v1_random	0.0940	448248	0.0000	1.5757	7063	402	586	0.5593	0	1.40
chr16_KI270728v1_random	0.0601	1872759	0.0000	0.8917	16699	805	1903	0.5441	0	2.13
chr17_GL000205v2_random	8.0621	185591	0.0000	17.3591	32217	17896	17286	0.5417	0	61.45
chr17_KI270729v1_random	0.0117	280839	0.0000	0.2478	696	54	24	0.5645	0	0.45
chr17_KI270730v1_random	0.0035	112551	0.0000	0.1661	187	9	2	0.4885	0	0.09
chr22_KI270731v1_random	0.2277	150754	0.0000	3.7810	5700	345	466	0.5878	0	3.36
chr22_KI270732v1_random	0.0076	41543	0.0000	0.5416	225	6	2	0.3899	0	0.11
chr22_KI270733v1_random	83.9756	179772	0.0000	28.3303	50930	358038	6016	0.6819	0	1079.36
chr22_KI270734v1_random	0.5007	165050	0.0000	4.2684	7045	691	1235	0.6423	0	10.79
chr22_KI270735v1_random	0.0062	42811	0.0000	0.3083	132	4	2	0.5227	0	0.14
chr22_KI270736v1_random	0.0029	181920	0.0000	0.1556	283	9	4	0.4566	0	0.08
chr22_KI270737v1_random	0.0131	103838	0.0000	0.6115	635	19	14	0.4134	0	0.19
chr22_KI270738v1_random	0.0004	99375	0.0000	0.0443	44	1	0	0.6364	0	0.02
chr22_KI270739v1_random	0.0036	73985	0.0000	0.2379	176	1	5	0.5265	0	0.08
chrY_KI270740v1_random	0.0000	37240	0.0000	0.0000	0	0	0	0.0000	0	0.00
chrUn_KI270302v1	0.0000	2274	0.0000	0.0000	0	0	0	0.0000	0	0.00
chrUn_KI270304v1	0.0203	2165	0.0000	2.0323	44	1	0	0.3864	0	0.14
chrUn_KI270303v1	0.0000	1942	0.0000	0.0000	0	0	0	0.0000	0	0.00
chrUn_KI270305v1	0.0000	1472	0.0000	0.0000	0	0	0	0.0000	0	0.00
chrUn_KI270322v1	0.0000	21476	0.0000	0.0000	0	0	0	0.0000	0	0.00
chrUn_KI270320v1	0.0000	4416	0.0000	0.0000	0	0	0	0.0000	0	0.00
chrUn_KI270310v1	0.0000	1201	0.0000	0.0000	0	0	0	0.0000	0	0.00
chrUn_KI270316v1	0.0000	1444	0.0000	0.0000	0	0	0	0.0000	0	0.00
chrUn_KI270315v1	0.0000	2276	0.0000	0.0000	0	0	0	0.0000	0	0.00
chrUn_KI270312v1	0.0441	998	0.0000	4.4088	44	1	0	0.3864	0	0.21
chrUn_KI270311v1	0.0000	12399	0.0000	0.0000	0	0	0	0.0000	0	0.00
chrUn_KI270317v1	0.0035	37690	0.0000	0.1167	44	3	0	0.3864	0	0.10
chrUn_KI270412v1	0.0000	1179	0.0000	0.0000	0	0	0	0.0000	0	0.00
chrUn_KI270411v1	0.0998	2646	0.0000	3.3258	88	5	1	0.4015	0	0.65
chrUn_KI270414v1	0.0000	2489	0.0000	0.0000	0	0	0	0.0000	0	0.00
chrUn_KI270419v1	0.0000	1029	0.0000	0.0000	0	0	0	0.0000	0	0.00
chrUn_KI270418v1	0.0000	2145	0.0000	0.0000	0	0	0	0.0000	0	0.00
chrUn_KI270420v1	0.0000	2321	0.0000	0.0000	0	0	0	0.0000	0	0.00
chrUn_KI270424v1	0.0000	2140	0.0000	0.0000	0	0	0	0.0000	0	0.00
chrUn_KI270417v1	0.0000	2043	0.0000	0.0000	0	0	0	0.0000	0	0.00
chrUn_KI270422v1	0.0000	1445	0.0000	0.0000	0	0	0	0.0000	0	0.00
chrUn_KI270423v1	0.0000	981	0.0000	0.0000	0	0	0	0.0000	0	0.00
chrUn_KI270425v1	0.0000	1884	0.0000	0.0000	0	0	0	0.0000	0	0.00
chrUn_KI270429v1	0.0000	1361	0.0000	0.0000	0	0	0	0.0000	0	0.00
chrUn_KI270442v1	0.8482	392061	0.0000	1.6592	6505	2633	5304	0.6105	0	24.53
chrUn_KI270466v1	0.0000	1233	0.0000	0.0000	0	0	0	0.0000	0	0.00
chrUn_KI270465v1	0.0000	1774	0.0000	0.0000	0	0	0	0.0000	0	0.00
chrUn_KI270467v1	0.0444	3920	0.0000	3.3163	130	2	2	0.2386	0	0.25
chrUn_KI270435v1	0.0031	92983	0.0000	0.2172	202	1	6	0.4724	0	0.07
chrUn_KI270438v1	0.0083	112505	0.0000	0.2738	308	12	14	0.4226	0	0.18
chrUn_KI270468v1	0.0000	4055	0.0000	0.0000	0	0	0	0.0000	0	0.00
chrUn_KI270510v1	0.0000	2415	0.0000	0.0000	0	0	0	0.0000	0	0.00
chrUn_KI270509v1	0.0000	2318	0.0000	0.0000	0	0	0	0.0000	0	0.00
chrUn_KI270518v1	0.0000	2186	0.0000	0.0000	0	0	0	0.0000	0	0.00
chrUn_KI270508v1	0.0000	1951	0.0000	0.0000	0	0	0	0.0000	0	0.00
chrUn_KI270516v1	0.0000	1300	0.0000	0.0000	0	0	0	0.0000	0	0.00
chrUn_KI270512v1	0.0133	22689	0.0000	0.6876	156	6	2	0.3940	0	0.19
chrUn_KI270519v1	0.0010	138126	0.0000	0.0956	132	2	1	0.4394	0	0.03
chrUn_KI270522v1	0.0000	5674	0.0000	0.0000	0	0	0	0.0000	0	0.00
chrUn_KI270511v1	0.0047	8127	0.0000	0.4676	38	1	0	0.3636	0	0.07
chrUn_KI270515v1	0.0000	6361	0.0000	0.0000	0	0	0	0.0000	0	0.00
chrUn_KI270507v1	0.0000	5353	0.0000	0.0000	0	0	0	0.0000	0	0.00
chrUn_KI270517v1	0.0000	3253	0.0000	0.0000	0	0	0	0.0000	0	0.00
chrUn_KI270529v1	0.0000	1899	0.0000	0.0000	0	0	0	0.0000	0	0.00
chrUn_KI270528v1	0.0000	2983	0.0000	0.0000	0	0	0	0.0000	0	0.00
chrUn_KI270530v1	0.0000	2168	0.0000	0.0000	0	0	0	0.0000	0	0.00
chrUn_KI270539v1	0.0000	993	0.0000	0.0000	0	0	0	0.0000	0	0.00
chrUn_KI270538v1	0.0034	91309	0.0000	0.0953	87	7	0	0.3831	0	0.13
chrUn_KI270544v1	0.1464	1202	0.0000	3.6606	44	4	0	0.4318	0	0.75
chrUn_KI270548v1	0.0000	1599	0.0000	0.0000	0	0	0	0.0000	0	0.00
chrUn_KI270583v1	0.0000	1400	0.0000	0.0000	0	0	0	0.0000	0	0.00
chrUn_KI270587v1	0.0000	2969	0.0000	0.0000	0	0	0	0.0000	0	0.00
chrUn_KI270580v1	0.0000	1553	0.0000	0.0000	0	0	0	0.0000	0	0.00
chrUn_KI270581v1	0.0236	7046	0.0000	1.5328	108	4	1	0.4277	0	0.22
chrUn_KI270579v1	0.0000	31033	0.0000	0.0000	0	0	0	0.0000	0	0.00
chrUn_KI270589v1	0.0031	44474	0.0000	0.2361	105	2	2	0.4632	0	0.07
chrUn_KI270590v1	0.0081	4685	0.0000	0.8111	38	1	0	0.2955	0	0.09
chrUn_KI270584v1	0.0000	4513	0.0000	0.0000	0	0	0	0.0000	0	0.00
chrUn_KI270582v1	0.0000	6504	0.0000	0.0000	0	0	0	0.0000	0	0.00
chrUn_KI270588v1	0.0062	6158	0.0000	0.6171	38	1	0	0.3636	0	0.08
chrUn_KI270593v1	0.0000	3041	0.0000	0.0000	0	0	0	0.0000	0	0.00
chrUn_KI270591v1	0.0000	5796	0.0000	0.0000	0	0	0	0.0000	0	0.00
chrUn_KI270330v1	0.0266	1652	0.0000	2.6634	44	0	1	0.2955	0	0.16
chrUn_KI270329v1	0.0000	1040	0.0000	0.0000	0	0	0	0.0000	0	0.00
chrUn_KI270334v1	0.0000	1368	0.0000	0.0000	0	0	0	0.0000	0	0.00
chrUn_KI270333v1	0.0000	2699	0.0000	0.0000	0	0	0	0.0000	0	0.00
chrUn_KI270335v1	0.0000	1048	0.0000	0.0000	0	0	0	0.0000	0	0.00
chrUn_KI270338v1	0.0000	1428	0.0000	0.0000	0	0	0	0.0000	0	0.00
chrUn_KI270340v1	0.0000	1428	0.0000	0.0000	0	0	0	0.0000	0	0.00
chrUn_KI270336v1	0.0000	1026	0.0000	0.0000	0	0	0	0.0000	0	0.00
chrUn_KI270337v1	0.0000	1121	0.0000	0.0000	0	0	0	0.0000	0	0.00
chrUn_KI270363v1	0.0000	1803	0.0000	0.0000	0	0	0	0.0000	0	0.00
chrUn_KI270364v1	0.0000	2855	0.0000	0.0000	0	0	0	0.0000	0	0.00
chrUn_KI270362v1	0.0110	3530	0.0000	1.1048	39	0	1	0.5128	0	0.10
chrUn_KI270366v1	0.0000	8320	0.0000	0.0000	0	0	0	0.0000	0	0.00
chrUn_KI270378v1	0.0000	1048	0.0000	0.0000	0	0	0	0.0000	0	0.00
chrUn_KI270379v1	0.0000	1045	0.0000	0.0000	0	0	0	0.0000	0	0.00
chrUn_KI270389v1	0.0000	1298	0.0000	0.0000	0	0	0	0.0000	0	0.00
chrUn_KI270390v1	0.0000	2387	0.0000	0.0000	0	0	0	0.0000	0	0.00
chrUn_KI270387v1	0.0000	1537	0.0000	0.0000	0	0	0	0.0000	0	0.00
chrUn_KI270395v1	0.0385	1143	0.0000	3.8495	44	1	0	0.3409	0	0.19
chrUn_KI270396v1	0.0234	1880	0.0000	2.3404	44	1	0	0.3409	0	0.15
chrUn_KI270388v1	0.0000	1216	0.0000	0.0000	0	0	0	0.0000	0	0.00
chrUn_KI270394v1	0.0000	970	0.0000	0.0000	0	0	0	0.0000	0	0.00
chrUn_KI270386v1	0.0000	1788	0.0000	0.0000	0	0	0	0.0000	0	0.00
chrUn_KI270391v1	0.0000	1484	0.0000	0.0000	0	0	0	0.0000	0	0.00
chrUn_KI270383v1	0.0000	1750	0.0000	0.0000	0	0	0	0.0000	0	0.00
chrUn_KI270393v1	0.0000	1308	0.0000	0.0000	0	0	0	0.0000	0	0.00
chrUn_KI270384v1	0.0000	1658	0.0000	0.0000	0	0	0	0.0000	0	0.00
chrUn_KI270392v1	0.0000	971	0.0000	0.0000	0	0	0	0.0000	0	0.00
chrUn_KI270381v1	0.0000	1930	0.0000	0.0000	0	0	0	0.0000	0	0.00
chrUn_KI270385v1	0.0000	990	0.0000	0.0000	0	0	0	0.0000	0	0.00
chrUn_KI270382v1	0.0000	4215	0.0000	0.0000	0	0	0	0.0000	0	0.00
chrUn_KI270376v1	0.0000	1136	0.0000	0.0000	0	0	0	0.0000	0	0.00
chrUn_KI270374v1	0.0000	2656	0.0000	0.0000	0	0	0	0.0000	0	0.00
chrUn_KI270372v1	0.0000	1650	0.0000	0.0000	0	0	0	0.0000	0	0.00
chrUn_KI270373v1	0.0000	1451	0.0000	0.0000	0	0	0	0.0000	0	0.00
chrUn_KI270375v1	0.0000	2378	0.0000	0.0000	0	0	0	0.0000	0	0.00
chrUn_KI270371v1	0.0000	2805	0.0000	0.0000	0	0	0	0.0000	0	0.00
chrUn_KI270448v1	0.0055	7992	0.0000	0.5506	44	0	1	0.5682	0	0.07
chrUn_KI270521v1	0.0050	7642	0.0000	0.4973	38	1	0	0.6842	0	0.07
chrUn_GL000195v1	4.0810	182896	0.0000	18.8315	34442	10410	7152	0.5609	0	34.03
chrUn_GL000219v1	3.2056	179198	0.0000	7.6742	13752	4907	8639	0.6235	0	64.76
chrUn_GL000220v1	101.3138	161802	0.0000	30.6758	49634	386297	6848	0.6959	0	1478.70
chrUn_GL000224v1	0.0270	179693	0.0000	1.2666	2276	75	43	0.4780	0	0.30
chrUn_KI270741v1	0.0123	157432	0.0000	0.5285	832	29	21	0.4900	0	0.20
chrUn_GL000226v1	0.0000	15008	0.0000	0.0000	0	0	0	0.0000	0	0.00
chrUn_GL000213v1	0.0268	164239	0.0000	1.0052	1651	60	47	0.5366	0	0.36
chrUn_KI270743v1	0.2177	210658	0.0000	3.2308	6806	628	467	0.5581	0	2.80
chrUn_KI270744v1	0.1595	168472	0.0000	3.5454	5973	293	362	0.5638	0	1.77
chrUn_KI270745v1	0.3184	41891	0.0000	10.6443	4459	238	77	0.5101	0	1.64
chrUn_KI270746v1	0.0229	66486	0.0000	0.9912	659	14	23	0.4155	0	0.26
chrUn_KI270747v1	0.0097	198735	0.0000	0.3563	708	6	39	0.5343	0	0.20
chrUn_KI270748v1	0.2849	93321	0.0000	4.6495	4339	379	250	0.5877	0	3.16
chrUn_KI270749v1	0.0363	158759	0.0000	0.5757	914	43	94	0.5900	0	1.50
chrUn_KI270750v1	0.0308	148850	0.0000	1.1159	1661	49	60	0.5790	0	0.42
chrUn_KI270751v1	0.0887	150742	0.0000	1.9364	2919	151	171	0.5019	0	1.21
chrUn_KI270752v1	0.0000	27745	0.0000	0.0000	0	0	0	0.0000	0	0.00
chrUn_KI270753v1	0.0500	62944	0.0000	1.6173	1018	36	39	0.5038	0	0.51
chrUn_KI270754v1	0.1781	40191	0.0000	2.7295	1097	43	122	0.6172	0	1.79
chrUn_KI270755v1	0.0353	36723	0.0000	1.2553	461	15	16	0.4878	0	0.38
chrUn_KI270756v1	0.0013	79590	0.0000	0.0327	26	4	0	0.4138	0	0.07
chrUn_KI270757v1	0.0038	71251	0.0000	0.2540	181	3	5	0.4510	0	0.10
chrUn_GL000214v1	0.3091	137718	0.0000	3.0475	4197	365	639	0.5745	0	6.10
chrUn_KI270742v1	0.8711	186739	0.0000	6.7281	12564	1083	2722	0.5899	0	16.58
chrUn_GL000216v2	0.0166	176608	0.0000	0.6851	1210	47	30	0.4981	0	0.24
chrUn_GL000218v1	0.5272	161147	0.0000	5.6954	9178	894	1130	0.5732	0	8.06
chrEBV	82.0919	171823	0.0000	86.1375	148004	128005	203847	0.6722	10	1458.26
