#ID	Avg_fold	Length	Ref_GC	Covered_percent	Covered_bases	Plus_reads	Minus_reads	Read_GC	Median_fold	Std_Dev
chr1	1.0396	248956422	0.0000	4.4603	11104106	3010629	3036206	0.6132	0	87.30
chr2	0.5988	242193529	0.0000	3.5007	8478536	1713378	1678256	0.6376	0	25.76
chr3	0.6021	198295559	0.0000	3.3697	6682029	1416714	1372652	0.6422	0	27.83
chr4	0.3964	190214555	0.0000	2.4787	4714857	893367	870898	0.6349	0	16.67
chr5	0.6035	181538259	0.0000	3.2725	5940772	1250144	1313690	0.6400	0	25.89
chr6	0.7595	170805979	0.0000	3.8310	6543556	1557105	1479243	0.6167	0	44.53
chr7	0.7169	159345973	0.0000	3.8223	6090641	1346358	1321978	0.6438	0	33.53
chr8	0.4983	145138636	0.0000	3.0613	4443084	845312	848610	0.6456	0	18.41
chr9	0.6970	138394717	0.0000	3.6351	5030802	1134576	1120478	0.6482	0	31.60
chr10	0.6424	133797422	0.0000	3.8102	5097918	1050236	959410	0.6406	0	21.91
chr11	0.8095	135086622	0.0000	4.0545	5477128	1226895	1329096	0.6419	0	31.81
chr12	0.8369	133275309	0.0000	4.3762	5832414	1344498	1262517	0.6277	0	39.10
chr13	0.3561	114364328	0.0000	2.1996	2515549	472961	480857	0.6399	0	15.55
chr14	0.7348	107043718	0.0000	3.7431	4006725	928333	908056	0.6229	0	66.56
chr15	0.7481	101991189	0.0000	4.0062	4086017	903364	878929	0.6403	0	28.29
chr16	1.1134	90338345	0.0000	5.5115	4978982	1167077	1179530	0.6623	0	34.97
chr17	1.7679	83257441	0.0000	7.4502	6202816	1694715	1744601	0.6244	0	102.60
chr18	0.4087	80373285	0.0000	2.6474	2127806	381229	386912	0.6443	0	22.27
chr19	2.2376	58617616	0.0000	9.4287	5526874	1644908	1416861	0.6465	0	57.87
chr20	0.8285	64444167	0.0000	4.4505	2868080	647790	598899	0.6547	0	27.87
chr21	1.3868	46709983	0.0000	3.5186	1643525	1179692	347550	0.6857	0	129.81
chr22	1.0514	50818468	0.0000	5.3994	2743869	609680	637530	0.6521	0	30.90
chrX	0.2916	156040895	0.0000	2.2197	3463681	531298	534654	0.6262	0	14.12
chrY	0.0402	57227415	0.0000	0.4995	285842	30589	23811	0.5653	0	2.85
chrM	762.2339	16569	0.0000	99.9336	16558	277544	42635	0.4497	533	1424.69
chr1_KI270706v1_random	0.1843	175055	0.0000	5.5325	9685	543	228	0.4948	0	1.85
chr1_KI270707v1_random	0.1479	32032	0.0000	6.1126	1958	42	72	0.4890	0	0.87
chr1_KI270708v1_random	0.0696	127682	0.0000	2.5031	3196	96	123	0.4784	0	0.68
chr1_KI270709v1_random	0.0000	66860	0.0000	0.0000	0	0	0	0.0000	0	0.00
chr1_KI270710v1_random	0.0041	40176	0.0000	0.4132	166	3	1	0.5361	0	0.06
chr1_KI270711v1_random	0.0694	42210	0.0000	4.7880	2021	13	58	0.4499	0	0.36
chr1_KI270712v1_random	0.1043	176043	0.0000	2.3625	4159	181	249	0.6086	0	1.91
chr1_KI270713v1_random	92.6803	40745	0.0000	14.0140	5710	4911	81815	0.4887	0	2155.91
chr1_KI270714v1_random	0.3430	41717	0.0000	3.9960	1667	67	270	0.5658	0	4.25
chr2_KI270715v1_random	0.0000	161471	0.0000	0.0000	0	0	0	0.0000	0	0.00
chr2_KI270716v1_random	0.0000	153799	0.0000	0.0000	0	0	0	0.0000	0	0.00
chr3_GL000221v1_random	1.0305	155397	0.0000	7.2569	11277	870	2854	0.6049	0	21.31
chr4_GL000008v2_random	0.2229	209709	0.0000	3.8406	8054	835	266	0.6008	0	4.65
chr5_GL000208v1_random	0.0028	92689	0.0000	0.2330	216	5	1	0.4176	0	0.06
chr9_KI270717v1_random	0.0439	40062	0.0000	2.7882	1117	14	27	0.5229	0	0.30
chr9_KI270718v1_random	7.3406	38054	0.0000	19.1701	7295	666	5779	0.6579	0	117.38
chr9_KI270719v1_random	1.2110	176845	0.0000	6.0002	10611	3131	1949	0.6555	0	12.31
chr9_KI270720v1_random	0.0488	39050	0.0000	2.7196	1062	13	37	0.4362	0	0.35
chr11_KI270721v1_random	0.7168	100316	0.0000	5.6472	5665	1403	269	0.6994	0	20.20
chr14_GL000009v2_random	0.2296	201709	0.0000	4.7797	9641	515	582	0.5523	0	3.45
chr14_GL000225v1_random	0.0144	211173	0.0000	0.6502	1373	34	45	0.5979	0	0.24
chr14_KI270722v1_random	0.0661	194050	0.0000	1.9876	3857	132	188	0.5288	0	0.77
chr14_GL000194v1_random	0.7153	191469	0.0000	7.1615	13712	1098	2106	0.6077	0	12.72
chr14_KI270723v1_random	0.2567	38115	0.0000	3.4868	1329	73	160	0.5590	0	3.12
chr14_KI270724v1_random	0.2447	39555	0.0000	3.1096	1230	107	127	0.5468	0	2.24
chr14_KI270725v1_random	0.0122	172810	0.0000	0.7528	1301	31	21	0.5221	0	0.16
chr14_KI270726v1_random	0.7967	43739	0.0000	11.6852	5111	451	375	0.5361	0	9.94
chr15_KI270727v1_random	0.1199	448248	0.0000	1.7013	7626	423	831	0.6181	0	2.59
chr16_KI270728v1_random	0.0467	1872759	0.0000	1.1440	21424	885	1209	0.5647	0	1.08
chr17_GL000205v2_random	4.9686	185591	0.0000	15.7508	29232	10951	10830	0.5496	0	40.30
chr17_KI270729v1_random	0.0027	280839	0.0000	0.1410	396	10	9	0.4376	0	0.09
chr17_KI270730v1_random	0.0014	112551	0.0000	0.1422	160	2	2	0.4688	0	0.04
chr22_KI270731v1_random	0.3237	150754	0.0000	3.8805	5850	478	670	0.6393	0	6.53
chr22_KI270732v1_random	0.0032	41543	0.0000	0.3177	132	3	0	0.4015	0	0.06
chr22_KI270733v1_random	77.2071	179772	0.0000	25.8411	46455	328282	4774	0.7037	0	1049.55
chr22_KI270734v1_random	0.4333	165050	0.0000	4.0848	6742	890	774	0.6658	0	8.30
chr22_KI270735v1_random	0.0013	42811	0.0000	0.1331	57	1	1	0.5085	0	0.04
chr22_KI270736v1_random	0.0005	181920	0.0000	0.0242	44	2	0	0.4091	0	0.03
chr22_KI270737v1_random	0.0016	103838	0.0000	0.1213	126	3	1	0.4659	0	0.05
chr22_KI270738v1_random	0.0015	99375	0.0000	0.1167	116	1	3	0.6040	0	0.05
chr22_KI270739v1_random	0.0030	73985	0.0000	0.2379	176	2	3	0.4364	0	0.06
chrY_KI270740v1_random	0.0000	37240	0.0000	0.0000	0	0	0	0.0000	0	0.00
chrUn_KI270302v1	0.0000	2274	0.0000	0.0000	0	0	0	0.0000	0	0.00
chrUn_KI270304v1	0.0277	2165	0.0000	1.3857	30	2	0	0.5455	0	0.23
chrUn_KI270303v1	0.0000	1942	0.0000	0.0000	0	0	0	0.0000	0	0.00
chrUn_KI270305v1	0.0000	1472	0.0000	0.0000	0	0	0	0.0000	0	0.00
chrUn_KI270322v1	0.0000	21476	0.0000	0.0000	0	0	0	0.0000	0	0.00
chrUn_KI270320v1	0.0000	4416	0.0000	0.0000	0	0	0	0.0000	0	0.00
chrUn_KI270310v1	0.0000	1201	0.0000	0.0000	0	0	0	0.0000	0	0.00
chrUn_KI270316v1	0.0000	1444	0.0000	0.0000	0	0	0	0.0000	0	0.00
chrUn_KI270315v1	0.0000	2276	0.0000	0.0000	0	0	0	0.0000	0	0.00
chrUn_KI270312v1	0.0000	998	0.0000	0.0000	0	0	0	0.0000	0	0.00
chrUn_KI270311v1	0.0000	12399	0.0000	0.0000	0	0	0	0.0000	0	0.00
chrUn_KI270317v1	0.0000	37690	0.0000	0.0000	0	0	0	0.0000	0	0.00
chrUn_KI270412v1	0.0000	1179	0.0000	0.0000	0	0	0	0.0000	0	0.00
chrUn_KI270411v1	0.0000	2646	0.0000	0.0000	0	0	0	0.0000	0	0.00
chrUn_KI270414v1	0.0000	2489	0.0000	0.0000	0	0	0	0.0000	0	0.00
chrUn_KI270419v1	0.0000	1029	0.0000	0.0000	0	0	0	0.0000	0	0.00
chrUn_KI270418v1	0.0000	2145	0.0000	0.0000	0	0	0	0.0000	0	0.00
chrUn_KI270420v1	0.0000	2321	0.0000	0.0000	0	0	0	0.0000	0	0.00
chrUn_KI270424v1	0.0000	2140	0.0000	0.0000	0	0	0	0.0000	0	0.00
chrUn_KI270417v1	0.0000	2043	0.0000	0.0000	0	0	0	0.0000	0	0.00
chrUn_KI270422v1	0.0000	1445	0.0000	0.0000	0	0	0	0.0000	0	0.00
chrUn_KI270423v1	0.0000	981	0.0000	0.0000	0	0	0	0.0000	0	0.00
chrUn_KI270425v1	0.0000	1884	0.0000	0.0000	0	0	0	0.0000	0	0.00
chrUn_KI270429v1	0.0000	1361	0.0000	0.0000	0	0	0	0.0000	0	0.00
chrUn_KI270442v1	1.0257	392061	0.0000	1.5855	6216	2794	6785	0.6362	0	35.84
chrUn_KI270466v1	0.0000	1233	0.0000	0.0000	0	0	0	0.0000	0	0.00
chrUn_KI270465v1	0.0000	1774	0.0000	0.0000	0	0	0	0.0000	0	0.00
chrUn_KI270467v1	0.0000	3920	0.0000	0.0000	0	0	0	0.0000	0	0.00
chrUn_KI270435v1	0.0014	92983	0.0000	0.0946	88	3	0	0.3788	0	0.05
chrUn_KI270438v1	0.0091	112505	0.0000	0.4915	553	24	0	0.3924	0	0.13
chrUn_KI270468v1	0.0202	4055	0.0000	1.0111	41	0	2	0.3415	0	0.20
chrUn_KI270510v1	0.0000	2415	0.0000	0.0000	0	0	0	0.0000	0	0.00
chrUn_KI270509v1	0.0000	2318	0.0000	0.0000	0	0	0	0.0000	0	0.00
chrUn_KI270518v1	0.0000	2186	0.0000	0.0000	0	0	0	0.0000	0	0.00
chrUn_KI270508v1	0.0000	1951	0.0000	0.0000	0	0	0	0.0000	0	0.00
chrUn_KI270516v1	0.0000	1300	0.0000	0.0000	0	0	0	0.0000	0	0.00
chrUn_KI270512v1	0.0109	22689	0.0000	0.7404	168	4	2	0.4153	0	0.13
chrUn_KI270519v1	0.0009	138126	0.0000	0.0601	83	2	1	0.3864	0	0.04
chrUn_KI270522v1	0.0000	5674	0.0000	0.0000	0	0	0	0.0000	0	0.00
chrUn_KI270511v1	0.0000	8127	0.0000	0.0000	0	0	0	0.0000	0	0.00
chrUn_KI270515v1	0.0000	6361	0.0000	0.0000	0	0	0	0.0000	0	0.00
chrUn_KI270507v1	0.0000	5353	0.0000	0.0000	0	0	0	0.0000	0	0.00
chrUn_KI270517v1	0.0000	3253	0.0000	0.0000	0	0	0	0.0000	0	0.00
chrUn_KI270529v1	0.0000	1899	0.0000	0.0000	0	0	0	0.0000	0	0.00
chrUn_KI270528v1	0.0000	2983	0.0000	0.0000	0	0	0	0.0000	0	0.00
chrUn_KI270530v1	0.0000	2168	0.0000	0.0000	0	0	0	0.0000	0	0.00
chrUn_KI270539v1	0.0886	993	0.0000	8.8620	88	1	1	0.8295	0	0.28
chrUn_KI270538v1	0.0010	91309	0.0000	0.0964	88	1	1	0.3636	0	0.03
chrUn_KI270544v1	0.0000	1202	0.0000	0.0000	0	0	0	0.0000	0	0.00
chrUn_KI270548v1	0.0000	1599	0.0000	0.0000	0	0	0	0.0000	0	0.00
chrUn_KI270583v1	0.0000	1400	0.0000	0.0000	0	0	0	0.0000	0	0.00
chrUn_KI270587v1	0.0000	2969	0.0000	0.0000	0	0	0	0.0000	0	0.00
chrUn_KI270580v1	0.0283	1553	0.0000	2.8332	44	0	1	0.3636	0	0.17
chrUn_KI270581v1	0.0000	7046	0.0000	0.0000	0	0	0	0.0000	0	0.00
chrUn_KI270579v1	0.0000	31033	0.0000	0.0000	0	0	0	0.0000	0	0.00
chrUn_KI270589v1	0.0017	44474	0.0000	0.1529	68	2	0	0.4286	0	0.05
chrUn_KI270590v1	0.0000	4685	0.0000	0.0000	0	0	0	0.0000	0	0.00
chrUn_KI270584v1	0.0000	4513	0.0000	0.0000	0	0	0	0.0000	0	0.00
chrUn_KI270582v1	0.0000	6504	0.0000	0.0000	0	0	0	0.0000	0	0.00
chrUn_KI270588v1	0.0000	6158	0.0000	0.0000	0	0	0	0.0000	0	0.00
chrUn_KI270593v1	0.0000	3041	0.0000	0.0000	0	0	0	0.0000	0	0.00
chrUn_KI270591v1	0.0000	5796	0.0000	0.0000	0	0	0	0.0000	0	0.00
chrUn_KI270330v1	0.0000	1652	0.0000	0.0000	0	0	0	0.0000	0	0.00
chrUn_KI270329v1	0.0000	1040	0.0000	0.0000	0	0	0	0.0000	0	0.00
chrUn_KI270334v1	0.0000	1368	0.0000	0.0000	0	0	0	0.0000	0	0.00
chrUn_KI270333v1	0.0000	2699	0.0000	0.0000	0	0	0	0.0000	0	0.00
chrUn_KI270335v1	0.0000	1048	0.0000	0.0000	0	0	0	0.0000	0	0.00
chrUn_KI270338v1	0.0000	1428	0.0000	0.0000	0	0	0	0.0000	0	0.00
chrUn_KI270340v1	0.0000	1428	0.0000	0.0000	0	0	0	0.0000	0	0.00
chrUn_KI270336v1	0.0000	1026	0.0000	0.0000	0	0	0	0.0000	0	0.00
chrUn_KI270337v1	0.0000	1121	0.0000	0.0000	0	0	0	0.0000	0	0.00
chrUn_KI270363v1	0.0000	1803	0.0000	0.0000	0	0	0	0.0000	0	0.00
chrUn_KI270364v1	0.0000	2855	0.0000	0.0000	0	0	0	0.0000	0	0.00
chrUn_KI270362v1	0.0000	3530	0.0000	0.0000	0	0	0	0.0000	0	0.00
chrUn_KI270366v1	0.0000	8320	0.0000	0.0000	0	0	0	0.0000	0	0.00
chrUn_KI270378v1	0.0000	1048	0.0000	0.0000	0	0	0	0.0000	0	0.00
chrUn_KI270379v1	0.0000	1045	0.0000	0.0000	0	0	0	0.0000	0	0.00
chrUn_KI270389v1	0.0000	1298	0.0000	0.0000	0	0	0	0.0000	0	0.00
chrUn_KI270390v1	0.0000	2387	0.0000	0.0000	0	0	0	0.0000	0	0.00
chrUn_KI270387v1	0.0000	1537	0.0000	0.0000	0	0	0	0.0000	0	0.00
chrUn_KI270395v1	0.0000	1143	0.0000	0.0000	0	0	0	0.0000	0	0.00
chrUn_KI270396v1	0.0000	1880	0.0000	0.0000	0	0	0	0.0000	0	0.00
chrUn_KI270388v1	0.0000	1216	0.0000	0.0000	0	0	0	0.0000	0	0.00
chrUn_KI270394v1	0.0000	970	0.0000	0.0000	0	0	0	0.0000	0	0.00
chrUn_KI270386v1	0.0000	1788	0.0000	0.0000	0	0	0	0.0000	0	0.00
chrUn_KI270391v1	0.0000	1484	0.0000	0.0000	0	0	0	0.0000	0	0.00
chrUn_KI270383v1	0.0000	1750	0.0000	0.0000	0	0	0	0.0000	0	0.00
chrUn_KI270393v1	0.0000	1308	0.0000	0.0000	0	0	0	0.0000	0	0.00
chrUn_KI270384v1	0.0000	1658	0.0000	0.0000	0	0	0	0.0000	0	0.00
chrUn_KI270392v1	0.0000	971	0.0000	0.0000	0	0	0	0.0000	0	0.00
chrUn_KI270381v1	0.0000	1930	0.0000	0.0000	0	0	0	0.0000	0	0.00
chrUn_KI270385v1	0.0000	990	0.0000	0.0000	0	0	0	0.0000	0	0.00
chrUn_KI270382v1	0.0000	4215	0.0000	0.0000	0	0	0	0.0000	0	0.00
chrUn_KI270376v1	0.0000	1136	0.0000	0.0000	0	0	0	0.0000	0	0.00
chrUn_KI270374v1	0.0000	2656	0.0000	0.0000	0	0	0	0.0000	0	0.00
chrUn_KI270372v1	0.0000	1650	0.0000	0.0000	0	0	0	0.0000	0	0.00
chrUn_KI270373v1	0.0000	1451	0.0000	0.0000	0	0	0	0.0000	0	0.00
chrUn_KI270375v1	0.0235	2378	0.0000	1.1775	28	2	0	0.4286	0	0.22
chrUn_KI270371v1	0.0000	2805	0.0000	0.0000	0	0	0	0.0000	0	0.00
chrUn_KI270448v1	0.0000	7992	0.0000	0.0000	0	0	0	0.0000	0	0.00
chrUn_KI270521v1	0.0000	7642	0.0000	0.0000	0	0	0	0.0000	0	0.00
chrUn_GL000195v1	3.3100	182896	0.0000	17.7844	32527	8367	5892	0.5801	0	32.69
chrUn_GL000219v1	1.3708	179198	0.0000	5.6786	10176	2932	2958	0.6610	0	32.56
chrUn_GL000220v1	110.3090	161802	0.0000	27.7419	44887	418054	4842	0.7262	0	1538.13
chrUn_GL000224v1	0.0421	179693	0.0000	1.8593	3341	104	77	0.4856	0	0.46
chrUn_KI270741v1	0.0097	157432	0.0000	0.6631	1044	19	19	0.5039	0	0.13
chrUn_GL000226v1	0.0000	15008	0.0000	0.0000	0	0	0	0.0000	0	0.00
chrUn_GL000213v1	0.0218	164239	0.0000	0.8189	1345	37	51	0.5921	0	0.36
chrUn_KI270743v1	0.2758	210658	0.0000	3.8741	8161	1000	370	0.6035	0	5.06
chrUn_KI270744v1	0.1458	168472	0.0000	3.6243	6106	371	211	0.5993	0	2.65
chrUn_KI270745v1	0.2067	41891	0.0000	11.2769	4724	189	18	0.5412	0	0.82
chrUn_KI270746v1	0.0170	66486	0.0000	0.9340	621	20	8	0.3947	0	0.19
chrUn_KI270747v1	0.0015	198735	0.0000	0.1328	264	5	2	0.4870	0	0.04
chrUn_KI270748v1	0.2025	93321	0.0000	4.1620	3884	332	113	0.6563	0	3.41
chrUn_KI270749v1	0.0210	158759	0.0000	0.7124	1131	39	42	0.6075	0	0.54
chrUn_KI270750v1	0.0246	148850	0.0000	0.8189	1219	51	41	0.5713	0	0.38
chrUn_KI270751v1	0.0721	150742	0.0000	2.0724	3124	119	147	0.5089	0	1.17
chrUn_KI270752v1	0.0000	27745	0.0000	0.0000	0	0	0	0.0000	0	0.00
chrUn_KI270753v1	0.0112	62944	0.0000	0.3988	251	7	10	0.5744	0	0.21
chrUn_KI270754v1	0.1554	40191	0.0000	2.3214	933	69	77	0.6237	0	1.92
chrUn_KI270755v1	0.0091	36723	0.0000	0.2042	75	2	7	0.5760	0	0.21
chrUn_KI270756v1	0.0000	79590	0.0000	0.0000	0	0	0	0.0000	0	0.00
chrUn_KI270757v1	0.0006	71251	0.0000	0.0618	44	1	0	0.4545	0	0.02
chrUn_GL000214v1	0.1317	137718	0.0000	3.2000	4407	239	208	0.5395	0	1.48
chrUn_KI270742v1	0.8366	186739	0.0000	6.0818	11357	861	2772	0.6069	0	19.51
chrUn_GL000216v2	0.0141	176608	0.0000	0.6495	1147	32	32	0.5705	0	0.21
chrUn_GL000218v1	0.6196	161147	0.0000	7.6390	12310	956	1401	0.5917	0	10.08
chrEBV	24.4748	171823	0.0000	63.8157	109650	74556	25508	0.6493	2	265.79
