#ID	Avg_fold	Length	Ref_GC	Covered_percent	Covered_bases	Plus_reads	Minus_reads	Read_GC	Median_fold	Std_Dev
chr1	1.1231	248956422	0.0000	3.0549	7605293	3174072	3294016	0.5983	0	90.29
chr2	0.5986	242193529	0.0000	2.3206	5620423	1703080	1657591	0.6343	0	27.69
chr3	0.5919	198295559	0.0000	2.2486	4458816	1373967	1346892	0.6355	0	30.82
chr4	0.3707	190214555	0.0000	1.5687	2983912	828988	806551	0.6313	0	16.91
chr5	0.5838	181538259	0.0000	2.1403	3885504	1192427	1266362	0.6369	0	26.85
chr6	0.7747	170805979	0.0000	2.5891	4422297	1608226	1460948	0.6043	0	47.50
chr7	0.7097	159345973	0.0000	2.5503	4063850	1324610	1296001	0.6385	0	36.64
chr8	0.4663	145138636	0.0000	2.0337	2951698	778098	792308	0.6395	0	18.24
chr9	0.6757	138394717	0.0000	2.4499	3390599	1081642	1086297	0.6421	0	32.87
chr10	0.6309	133797422	0.0000	2.5994	3477953	1014345	942576	0.6339	0	22.70
chr11	0.7956	135086622	0.0000	2.7343	3693627	1190716	1300186	0.6371	0	33.64
chr12	0.8411	133275309	0.0000	3.0063	4006666	1319870	1279038	0.6202	0	47.22
chr13	0.3426	114364328	0.0000	1.4619	1671865	446006	463734	0.6328	0	15.95
chr14	0.7855	107043718	0.0000	2.5957	2778506	994693	951341	0.6098	0	68.97
chr15	0.7342	101991189	0.0000	2.7021	2755874	887293	847851	0.6334	0	31.08
chr16	1.0596	90338345	0.0000	3.8491	3477250	1094808	1122052	0.6542	0	32.94
chr17	1.9825	83257441	0.0000	5.3226	4431464	1856299	1959226	0.5931	0	109.56
chr18	0.3877	80373285	0.0000	1.7831	1433131	359658	363223	0.6361	0	22.26
chr19	2.2369	58617616	0.0000	6.9080	4049313	1626093	1411329	0.6405	0	59.57
chr20	0.8350	64444167	0.0000	3.1518	2031120	653180	593386	0.6469	0	33.57
chr21	1.0932	46709983	0.0000	2.5723	1201544	833598	359100	0.6536	0	97.29
chr22	1.0345	50818468	0.0000	3.8549	1959024	610807	607229	0.6436	0	30.77
chrX	0.2731	156040895	0.0000	1.4951	2333037	502413	486808	0.6188	0	13.60
chrY	0.0355	57227415	0.0000	0.2961	169475	27248	20089	0.5635	0	2.85
chrM	593.9443	16569	0.0000	99.7103	16521	199159	43508	0.4419	364	1782.11
chr1_KI270706v1_random	0.1262	175055	0.0000	2.6986	4724	383	135	0.5117	0	1.93
chr1_KI270707v1_random	0.1212	32032	0.0000	3.5496	1137	46	44	0.5094	0	0.88
chr1_KI270708v1_random	0.0353	127682	0.0000	1.0315	1317	43	63	0.4969	0	0.60
chr1_KI270709v1_random	0.0007	66860	0.0000	0.0658	44	0	1	0.4318	0	0.03
chr1_KI270710v1_random	0.0044	40176	0.0000	0.4381	176	2	2	0.4830	0	0.07
chr1_KI270711v1_random	0.0677	42210	0.0000	2.8998	1224	13	56	0.4514	0	0.47
chr1_KI270712v1_random	0.1014	176043	0.0000	1.5882	2796	202	213	0.6061	0	1.90
chr1_KI270713v1_random	149.7984	40745	0.0000	11.7536	4789	2290	137056	0.4834	0	2156.76
chr1_KI270714v1_random	0.4405	41717	0.0000	3.9792	1660	76	350	0.5620	0	5.90
chr2_KI270715v1_random	0.0000	161471	0.0000	0.0000	0	0	0	0.0000	0	0.00
chr2_KI270716v1_random	0.0000	153799	0.0000	0.0000	0	0	0	0.0000	0	0.00
chr3_GL000221v1_random	0.9245	155397	0.0000	4.1758	6489	707	2621	0.6159	0	21.92
chr4_GL000008v2_random	0.1477	209709	0.0000	1.9808	4154	526	204	0.6094	0	3.00
chr5_GL000208v1_random	0.0024	92689	0.0000	0.0949	88	1	4	0.5318	0	0.09
chr9_KI270717v1_random	0.0755	40062	0.0000	2.9779	1193	36	33	0.5228	0	0.61
chr9_KI270718v1_random	7.4097	38054	0.0000	12.2431	4659	761	5724	0.6488	0	117.50
chr9_KI270719v1_random	1.1237	176845	0.0000	3.9543	6993	2973	1691	0.6672	0	14.47
chr9_KI270720v1_random	0.0414	39050	0.0000	1.7644	689	9	29	0.4331	0	0.36
chr11_KI270721v1_random	0.5823	100316	0.0000	3.6545	3666	1040	311	0.6998	0	14.77
chr14_GL000009v2_random	0.0869	201709	0.0000	1.8418	3715	211	203	0.5532	0	1.50
chr14_GL000225v1_random	0.0189	211173	0.0000	0.8647	1826	58	40	0.5509	0	0.24
chr14_KI270722v1_random	0.0480	194050	0.0000	1.0198	1979	99	128	0.5336	0	0.75
chr14_GL000194v1_random	0.2742	191469	0.0000	2.6772	5126	489	736	0.6121	0	4.83
chr14_KI270723v1_random	0.3753	38115	0.0000	2.6604	1014	36	294	0.5217	0	4.77
chr14_KI270724v1_random	0.4509	39555	0.0000	2.2753	900	288	124	0.5360	0	5.03
chr14_KI270725v1_random	0.0198	172810	0.0000	0.6591	1139	36	43	0.6183	0	0.34
chr14_KI270726v1_random	0.4130	43739	0.0000	4.9658	2172	226	195	0.5623	0	5.66
chr15_KI270727v1_random	0.0802	448248	0.0000	1.1902	5335	239	592	0.6257	0	1.55
chr16_KI270728v1_random	0.0691	1872759	0.0000	0.9635	18044	999	2043	0.5682	0	2.03
chr17_GL000205v2_random	7.0636	185591	0.0000	11.7883	21878	16761	13832	0.5473	0	55.36
chr17_KI270729v1_random	0.0040	280839	0.0000	0.1154	324	15	13	0.5118	0	0.17
chr17_KI270730v1_random	0.0030	112551	0.0000	0.0791	89	3	5	0.5468	0	0.14
chr22_KI270731v1_random	0.2703	150754	0.0000	2.7369	4126	386	562	0.6502	0	5.47
chr22_KI270732v1_random	0.0022	41543	0.0000	0.0746	31	3	0	0.2581	0	0.08
chr22_KI270733v1_random	64.1317	179772	0.0000	24.8342	44645	265519	4913	0.6908	0	1287.31
chr22_KI270734v1_random	0.5807	165050	0.0000	3.4202	5645	795	1424	0.6654	0	13.10
chr22_KI270735v1_random	0.0034	42811	0.0000	0.1542	66	1	4	0.5987	0	0.10
chr22_KI270736v1_random	0.0021	181920	0.0000	0.0940	171	4	5	0.5000	0	0.07
chr22_KI270737v1_random	0.0010	103838	0.0000	0.0260	27	0	4	0.5926	0	0.06
chr22_KI270738v1_random	0.0043	99375	0.0000	0.1338	133	10	0	0.5962	0	0.12
chr22_KI270739v1_random	0.0083	73985	0.0000	0.3730	276	4	10	0.4140	0	0.18
chrY_KI270740v1_random	0.0000	37240	0.0000	0.0000	0	0	0	0.0000	0	0.00
chrUn_KI270302v1	0.0000	2274	0.0000	0.0000	0	0	0	0.0000	0	0.00
chrUn_KI270304v1	0.0000	2165	0.0000	0.0000	0	0	0	0.0000	0	0.00
chrUn_KI270303v1	0.0000	1942	0.0000	0.0000	0	0	0	0.0000	0	0.00
chrUn_KI270305v1	0.0000	1472	0.0000	0.0000	0	0	0	0.0000	0	0.00
chrUn_KI270322v1	0.0000	21476	0.0000	0.0000	0	0	0	0.0000	0	0.00
chrUn_KI270320v1	0.0000	4416	0.0000	0.0000	0	0	0	0.0000	0	0.00
chrUn_KI270310v1	0.0000	1201	0.0000	0.0000	0	0	0	0.0000	0	0.00
chrUn_KI270316v1	0.0000	1444	0.0000	0.0000	0	0	0	0.0000	0	0.00
chrUn_KI270315v1	0.0000	2276	0.0000	0.0000	0	0	0	0.0000	0	0.00
chrUn_KI270312v1	0.0000	998	0.0000	0.0000	0	0	0	0.0000	0	0.00
chrUn_KI270311v1	0.0000	12399	0.0000	0.0000	0	0	0	0.0000	0	0.00
chrUn_KI270317v1	0.0000	37690	0.0000	0.0000	0	0	0	0.0000	0	0.00
chrUn_KI270412v1	0.0000	1179	0.0000	0.0000	0	0	0	0.0000	0	0.00
chrUn_KI270411v1	0.0000	2646	0.0000	0.0000	0	0	0	0.0000	0	0.00
chrUn_KI270414v1	0.0000	2489	0.0000	0.0000	0	0	0	0.0000	0	0.00
chrUn_KI270419v1	0.0000	1029	0.0000	0.0000	0	0	0	0.0000	0	0.00
chrUn_KI270418v1	0.0000	2145	0.0000	0.0000	0	0	0	0.0000	0	0.00
chrUn_KI270420v1	0.0000	2321	0.0000	0.0000	0	0	0	0.0000	0	0.00
chrUn_KI270424v1	0.0000	2140	0.0000	0.0000	0	0	0	0.0000	0	0.00
chrUn_KI270417v1	0.0000	2043	0.0000	0.0000	0	0	0	0.0000	0	0.00
chrUn_KI270422v1	0.0000	1445	0.0000	0.0000	0	0	0	0.0000	0	0.00
chrUn_KI270423v1	0.0000	981	0.0000	0.0000	0	0	0	0.0000	0	0.00
chrUn_KI270425v1	0.0000	1884	0.0000	0.0000	0	0	0	0.0000	0	0.00
chrUn_KI270429v1	0.0000	1361	0.0000	0.0000	0	0	0	0.0000	0	0.00
chrUn_KI270442v1	0.8906	392061	0.0000	1.3396	5252	2175	6039	0.6345	0	33.08
chrUn_KI270466v1	0.0000	1233	0.0000	0.0000	0	0	0	0.0000	0	0.00
chrUn_KI270465v1	0.0000	1774	0.0000	0.0000	0	0	0	0.0000	0	0.00
chrUn_KI270467v1	0.0000	3920	0.0000	0.0000	0	0	0	0.0000	0	0.00
chrUn_KI270435v1	0.0023	92983	0.0000	0.0936	87	3	2	0.5682	0	0.08
chrUn_KI270438v1	0.0051	112505	0.0000	0.1564	176	13	0	0.3881	0	0.14
chrUn_KI270468v1	0.0000	4055	0.0000	0.0000	0	0	0	0.0000	0	0.00
chrUn_KI270510v1	0.0000	2415	0.0000	0.0000	0	0	0	0.0000	0	0.00
chrUn_KI270509v1	0.0000	2318	0.0000	0.0000	0	0	0	0.0000	0	0.00
chrUn_KI270518v1	0.0000	2186	0.0000	0.0000	0	0	0	0.0000	0	0.00
chrUn_KI270508v1	0.0451	1951	0.0000	2.2553	44	2	0	0.4318	0	0.30
chrUn_KI270516v1	0.0000	1300	0.0000	0.0000	0	0	0	0.0000	0	0.00
chrUn_KI270512v1	0.0039	22689	0.0000	0.2204	50	2	0	0.3864	0	0.08
chrUn_KI270519v1	0.0017	138126	0.0000	0.0789	109	1	6	0.4917	0	0.07
chrUn_KI270522v1	0.0000	5674	0.0000	0.0000	0	0	0	0.0000	0	0.00
chrUn_KI270511v1	0.0000	8127	0.0000	0.0000	0	0	0	0.0000	0	0.00
chrUn_KI270515v1	0.0000	6361	0.0000	0.0000	0	0	0	0.0000	0	0.00
chrUn_KI270507v1	0.0000	5353	0.0000	0.0000	0	0	0	0.0000	0	0.00
chrUn_KI270517v1	0.0000	3253	0.0000	0.0000	0	0	0	0.0000	0	0.00
chrUn_KI270529v1	0.0000	1899	0.0000	0.0000	0	0	0	0.0000	0	0.00
chrUn_KI270528v1	0.0000	2983	0.0000	0.0000	0	0	0	0.0000	0	0.00
chrUn_KI270530v1	0.0000	2168	0.0000	0.0000	0	0	0	0.0000	0	0.00
chrUn_KI270539v1	0.0000	993	0.0000	0.0000	0	0	0	0.0000	0	0.00
chrUn_KI270538v1	0.0005	91309	0.0000	0.0482	44	1	0	0.5682	0	0.02
chrUn_KI270544v1	0.0000	1202	0.0000	0.0000	0	0	0	0.0000	0	0.00
chrUn_KI270548v1	0.0000	1599	0.0000	0.0000	0	0	0	0.0000	0	0.00
chrUn_KI270583v1	0.0000	1400	0.0000	0.0000	0	0	0	0.0000	0	0.00
chrUn_KI270587v1	0.0000	2969	0.0000	0.0000	0	0	0	0.0000	0	0.00
chrUn_KI270580v1	0.0000	1553	0.0000	0.0000	0	0	0	0.0000	0	0.00
chrUn_KI270581v1	0.0125	7046	0.0000	1.2489	88	0	2	0.3750	0	0.11
chrUn_KI270579v1	0.0000	31033	0.0000	0.0000	0	0	0	0.0000	0	0.00
chrUn_KI270589v1	0.0000	44474	0.0000	0.0000	0	0	0	0.0000	0	0.00
chrUn_KI270590v1	0.0000	4685	0.0000	0.0000	0	0	0	0.0000	0	0.00
chrUn_KI270584v1	0.0097	4513	0.0000	0.9750	44	1	0	0.3864	0	0.10
chrUn_KI270582v1	0.0135	6504	0.0000	0.6765	44	2	0	0.5682	0	0.16
chrUn_KI270588v1	0.0000	6158	0.0000	0.0000	0	0	0	0.0000	0	0.00
chrUn_KI270593v1	0.0000	3041	0.0000	0.0000	0	0	0	0.0000	0	0.00
chrUn_KI270591v1	0.0000	5796	0.0000	0.0000	0	0	0	0.0000	0	0.00
chrUn_KI270330v1	0.0799	1652	0.0000	5.3269	88	3	0	0.3864	0	0.36
chrUn_KI270329v1	0.0000	1040	0.0000	0.0000	0	0	0	0.0000	0	0.00
chrUn_KI270334v1	0.0000	1368	0.0000	0.0000	0	0	0	0.0000	0	0.00
chrUn_KI270333v1	0.0000	2699	0.0000	0.0000	0	0	0	0.0000	0	0.00
chrUn_KI270335v1	0.0000	1048	0.0000	0.0000	0	0	0	0.0000	0	0.00
chrUn_KI270338v1	0.0000	1428	0.0000	0.0000	0	0	0	0.0000	0	0.00
chrUn_KI270340v1	0.0000	1428	0.0000	0.0000	0	0	0	0.0000	0	0.00
chrUn_KI270336v1	0.0000	1026	0.0000	0.0000	0	0	0	0.0000	0	0.00
chrUn_KI270337v1	0.0000	1121	0.0000	0.0000	0	0	0	0.0000	0	0.00
chrUn_KI270363v1	0.0000	1803	0.0000	0.0000	0	0	0	0.0000	0	0.00
chrUn_KI270364v1	0.0000	2855	0.0000	0.0000	0	0	0	0.0000	0	0.00
chrUn_KI270362v1	0.0000	3530	0.0000	0.0000	0	0	0	0.0000	0	0.00
chrUn_KI270366v1	0.0000	8320	0.0000	0.0000	0	0	0	0.0000	0	0.00
chrUn_KI270378v1	0.0000	1048	0.0000	0.0000	0	0	0	0.0000	0	0.00
chrUn_KI270379v1	0.0000	1045	0.0000	0.0000	0	0	0	0.0000	0	0.00
chrUn_KI270389v1	0.0000	1298	0.0000	0.0000	0	0	0	0.0000	0	0.00
chrUn_KI270390v1	0.0000	2387	0.0000	0.0000	0	0	0	0.0000	0	0.00
chrUn_KI270387v1	0.0000	1537	0.0000	0.0000	0	0	0	0.0000	0	0.00
chrUn_KI270395v1	0.0000	1143	0.0000	0.0000	0	0	0	0.0000	0	0.00
chrUn_KI270396v1	0.0000	1880	0.0000	0.0000	0	0	0	0.0000	0	0.00
chrUn_KI270388v1	0.0000	1216	0.0000	0.0000	0	0	0	0.0000	0	0.00
chrUn_KI270394v1	0.0000	970	0.0000	0.0000	0	0	0	0.0000	0	0.00
chrUn_KI270386v1	0.0000	1788	0.0000	0.0000	0	0	0	0.0000	0	0.00
chrUn_KI270391v1	0.0000	1484	0.0000	0.0000	0	0	0	0.0000	0	0.00
chrUn_KI270383v1	0.0000	1750	0.0000	0.0000	0	0	0	0.0000	0	0.00
chrUn_KI270393v1	0.0000	1308	0.0000	0.0000	0	0	0	0.0000	0	0.00
chrUn_KI270384v1	0.0000	1658	0.0000	0.0000	0	0	0	0.0000	0	0.00
chrUn_KI270392v1	0.0000	971	0.0000	0.0000	0	0	0	0.0000	0	0.00
chrUn_KI270381v1	0.0000	1930	0.0000	0.0000	0	0	0	0.0000	0	0.00
chrUn_KI270385v1	0.0000	990	0.0000	0.0000	0	0	0	0.0000	0	0.00
chrUn_KI270382v1	0.0000	4215	0.0000	0.0000	0	0	0	0.0000	0	0.00
chrUn_KI270376v1	0.0000	1136	0.0000	0.0000	0	0	0	0.0000	0	0.00
chrUn_KI270374v1	0.0000	2656	0.0000	0.0000	0	0	0	0.0000	0	0.00
chrUn_KI270372v1	0.0000	1650	0.0000	0.0000	0	0	0	0.0000	0	0.00
chrUn_KI270373v1	0.0000	1451	0.0000	0.0000	0	0	0	0.0000	0	0.00
chrUn_KI270375v1	0.0000	2378	0.0000	0.0000	0	0	0	0.0000	0	0.00
chrUn_KI270371v1	0.0000	2805	0.0000	0.0000	0	0	0	0.0000	0	0.00
chrUn_KI270448v1	0.0165	7992	0.0000	0.5506	44	0	3	0.3636	0	0.22
chrUn_KI270521v1	0.0288	7642	0.0000	0.5758	44	0	5	0.3636	0	0.38
chrUn_GL000195v1	4.2575	182896	0.0000	12.7548	23328	11399	6801	0.5737	0	41.02
chrUn_GL000219v1	3.3845	179198	0.0000	6.3801	11433	6525	7638	0.6515	0	73.38
chrUn_GL000220v1	65.2344	161802	0.0000	27.0225	43723	242474	5659	0.6908	0	1133.73
chrUn_GL000224v1	0.0209	179693	0.0000	1.0045	1805	49	40	0.4466	0	0.29
chrUn_KI270741v1	0.0048	157432	0.0000	0.2573	405	10	9	0.5766	0	0.10
chrUn_GL000226v1	0.0000	15008	0.0000	0.0000	0	0	0	0.0000	0	0.00
chrUn_GL000213v1	0.0102	164239	0.0000	0.4067	668	23	17	0.5936	0	0.21
chrUn_KI270743v1	0.2051	210658	0.0000	2.3389	4927	744	269	0.5994	0	3.70
chrUn_KI270744v1	0.2618	168472	0.0000	4.3800	7379	600	440	0.5441	0	2.89
chrUn_KI270745v1	0.1367	41891	0.0000	6.0013	2514	104	33	0.5174	0	0.76
chrUn_KI270746v1	0.0118	66486	0.0000	0.6708	446	8	11	0.4559	0	0.17
chrUn_KI270747v1	0.0053	198735	0.0000	0.2622	521	3	21	0.5038	0	0.13
chrUn_KI270748v1	0.2574	93321	0.0000	2.8450	2655	425	130	0.6707	0	4.90
chrUn_KI270749v1	0.0285	158759	0.0000	0.6614	1050	27	80	0.6030	0	0.62
chrUn_KI270750v1	0.0325	148850	0.0000	0.5126	763	30	83	0.6244	0	0.85
chrUn_KI270751v1	0.0638	150742	0.0000	1.3619	2053	66	164	0.5601	0	1.45
chrUn_KI270752v1	0.0000	27745	0.0000	0.0000	0	0	0	0.0000	0	0.00
chrUn_KI270753v1	0.0023	62944	0.0000	0.1493	94	2	3	0.4653	0	0.07
chrUn_KI270754v1	0.1759	40191	0.0000	1.9656	790	100	68	0.5944	0	2.76
chrUn_KI270755v1	0.0031	36723	0.0000	0.3077	113	2	1	0.5929	0	0.06
chrUn_KI270756v1	0.0000	79590	0.0000	0.0000	0	0	0	0.0000	0	0.00
chrUn_KI270757v1	0.0006	71251	0.0000	0.0618	44	1	0	0.4091	0	0.02
chrUn_GL000214v1	0.1076	137718	0.0000	2.0767	2860	222	134	0.5597	0	1.64
chrUn_KI270742v1	0.7623	186739	0.0000	3.5483	6626	774	2522	0.6173	0	20.06
chrUn_GL000216v2	0.0120	176608	0.0000	0.5022	887	25	28	0.5372	0	0.23
chrUn_GL000218v1	0.2724	161147	0.0000	2.5443	4100	509	520	0.5980	0	4.82
chrEBV	21.3177	171823	0.0000	52.2893	89845	64170	21615	0.6378	1	246.21
