#ID	Avg_fold	Length	Ref_GC	Covered_percent	Covered_bases	Plus_reads	Minus_reads	Read_GC	Median_fold	Std_Dev
chr1	1.3939	248956422	0.0000	2.5033	6232246	3914227	4077638	0.5915	0	95.11
chr2	0.6980	242193529	0.0000	1.8780	4548343	1971875	1930390	0.6309	0	29.49
chr3	0.6925	198295559	0.0000	1.8306	3630023	1592972	1576942	0.6326	0	31.41
chr4	0.4476	190214555	0.0000	1.2778	2430632	1003759	962465	0.6278	0	20.00
chr5	0.6956	181538259	0.0000	1.7637	3201807	1423357	1493742	0.6327	0	30.27
chr6	0.9434	170805979	0.0000	2.1503	3672904	1948754	1771356	0.6005	0	51.36
chr7	0.8480	159345973	0.0000	2.0858	3323562	1569033	1549516	0.6368	0	42.23
chr8	0.5668	145138636	0.0000	1.6839	2443921	938965	961194	0.6372	0	21.51
chr9	0.7898	138394717	0.0000	1.9917	2756368	1255945	1267686	0.6411	0	34.33
chr10	0.7469	133797422	0.0000	2.1258	2844327	1193418	1113488	0.6310	0	25.61
chr11	0.9269	135086622	0.0000	2.2249	3005533	1377336	1513127	0.6342	0	36.35
chr12	0.9825	133275309	0.0000	2.4541	3270708	1521324	1502005	0.6180	0	45.81
chr13	0.4077	114364328	0.0000	1.1753	1344177	525684	551929	0.6309	0	18.98
chr14	0.9420	107043718	0.0000	2.0379	2181433	1156426	1166925	0.6038	0	67.08
chr15	0.8757	101991189	0.0000	2.1782	2221610	1049778	1011020	0.6330	0	33.38
chr16	1.2884	90338345	0.0000	3.1497	2845367	1326002	1359395	0.6530	0	41.35
chr17	2.5780	83257441	0.0000	4.3639	3633291	2428562	2509058	0.5666	0	113.46
chr18	0.4534	80373285	0.0000	1.3976	1123336	411118	430380	0.6367	0	22.82
chr19	2.5569	58617616	0.0000	5.5199	3235640	1844980	1613742	0.6393	0	63.28
chr20	0.9646	64444167	0.0000	2.5103	1617722	735336	699120	0.6449	0	34.44
chr21	1.2775	46709983	0.0000	2.1767	1016751	938055	450907	0.6631	0	130.04
chr22	1.2463	50818468	0.0000	3.1025	1576633	727484	733522	0.6436	0	36.96
chrX	0.3280	156040895	0.0000	1.2337	1925123	600046	581935	0.6153	0	16.13
chrY	0.0417	57227415	0.0000	0.2465	141039	31128	24218	0.5569	0	3.21
chrM	543.0928	16569	0.0000	99.6862	16517	164208	53110	0.4341	299	1585.14
chr1_KI270706v1_random	0.2602	175055	0.0000	3.1099	5444	608	455	0.5374	0	3.70
chr1_KI270707v1_random	0.0982	32032	0.0000	2.3726	760	35	41	0.5022	0	0.73
chr1_KI270708v1_random	0.0419	127682	0.0000	1.0142	1295	60	67	0.5026	0	0.65
chr1_KI270709v1_random	0.0072	66860	0.0000	0.1182	79	7	5	0.4652	0	0.21
chr1_KI270710v1_random	0.0022	40176	0.0000	0.1095	44	0	2	0.5455	0	0.07
chr1_KI270711v1_random	0.0776	42210	0.0000	1.7413	735	42	33	0.5086	0	0.85
chr1_KI270712v1_random	0.1264	176043	0.0000	1.2906	2272	253	263	0.5953	0	2.44
chr1_KI270713v1_random	209.2590	40745	0.0000	10.5191	4286	6268	188226	0.4843	0	2163.56
chr1_KI270714v1_random	0.3607	41717	0.0000	2.4187	1009	43	307	0.5257	0	4.66
chr2_KI270715v1_random	0.0000	161471	0.0000	0.0000	0	0	0	0.0000	0	0.00
chr2_KI270716v1_random	0.0000	153799	0.0000	0.0000	0	0	0	0.0000	0	0.00
chr3_GL000221v1_random	0.9345	155397	0.0000	3.7916	5892	801	2557	0.6095	0	21.97
chr4_GL000008v2_random	0.1165	209709	0.0000	1.4844	3113	389	184	0.5689	0	1.77
chr5_GL000208v1_random	0.0013	92689	0.0000	0.0432	40	3	0	0.4250	0	0.06
chr9_KI270717v1_random	0.0601	40062	0.0000	1.9794	793	18	41	0.4894	0	0.51
chr9_KI270718v1_random	9.1712	38054	0.0000	10.0016	3806	798	7202	0.6544	0	147.70
chr9_KI270719v1_random	1.0742	176845	0.0000	3.4646	6127	2375	2067	0.6410	0	10.90
chr9_KI270720v1_random	0.0598	39050	0.0000	1.5851	619	20	38	0.4015	0	0.54
chr11_KI270721v1_random	0.6888	100316	0.0000	2.8271	2836	1305	293	0.7023	0	19.05
chr14_GL000009v2_random	0.1602	201709	0.0000	2.1001	4236	382	374	0.5533	0	2.60
chr14_GL000225v1_random	0.0122	211173	0.0000	0.2964	626	40	20	0.5061	0	0.25
chr14_KI270722v1_random	0.0490	194050	0.0000	0.8688	1686	88	138	0.4976	0	0.75
chr14_GL000194v1_random	0.7336	191469	0.0000	3.5363	6771	915	2341	0.6133	0	13.68
chr14_KI270723v1_random	0.0983	38115	0.0000	1.4404	549	51	42	0.4318	0	1.12
chr14_KI270724v1_random	0.2614	39555	0.0000	1.8658	738	82	160	0.4951	0	3.62
chr14_KI270725v1_random	0.0126	172810	0.0000	0.3981	688	31	21	0.5682	0	0.25
chr14_KI270726v1_random	0.2466	43739	0.0000	2.3000	1006	161	90	0.5189	0	2.51
chr15_KI270727v1_random	0.0643	448248	0.0000	0.6340	2842	162	502	0.6179	0	1.72
chr16_KI270728v1_random	0.0597	1872759	0.0000	0.6215	11640	978	1633	0.5602	0	1.85
chr17_GL000205v2_random	8.1392	185591	0.0000	12.1488	22547	17795	17263	0.5469	0	60.32
chr17_KI270729v1_random	0.0013	280839	0.0000	0.0313	88	8	0	0.5313	0	0.07
chr17_KI270730v1_random	0.0000	112551	0.0000	0.0000	0	0	0	0.0000	0	0.00
chr22_KI270731v1_random	0.3769	150754	0.0000	2.3276	3509	433	883	0.6503	0	9.52
chr22_KI270732v1_random	0.0063	41543	0.0000	0.2070	86	4	2	0.6174	0	0.17
chr22_KI270733v1_random	58.5160	179772	0.0000	22.7638	40923	219536	29135	0.6927	0	1068.06
chr22_KI270734v1_random	0.5908	165050	0.0000	2.5944	4282	1055	1194	0.6661	0	13.19
chr22_KI270735v1_random	0.0000	42811	0.0000	0.0000	0	0	0	0.0000	0	0.00
chr22_KI270736v1_random	0.0010	181920	0.0000	0.0484	88	3	1	0.4148	0	0.05
chr22_KI270737v1_random	0.0017	103838	0.0000	0.0424	44	0	4	0.5000	0	0.08
chr22_KI270738v1_random	0.0000	99375	0.0000	0.0000	0	0	0	0.0000	0	0.00
chr22_KI270739v1_random	0.0052	73985	0.0000	0.1649	122	0	10	0.3953	0	0.14
chrY_KI270740v1_random	0.0000	37240	0.0000	0.0000	0	0	0	0.0000	0	0.00
chrUn_KI270302v1	0.0000	2274	0.0000	0.0000	0	0	0	0.0000	0	0.00
chrUn_KI270304v1	0.0000	2165	0.0000	0.0000	0	0	0	0.0000	0	0.00
chrUn_KI270303v1	0.0000	1942	0.0000	0.0000	0	0	0	0.0000	0	0.00
chrUn_KI270305v1	0.0000	1472	0.0000	0.0000	0	0	0	0.0000	0	0.00
chrUn_KI270322v1	0.0000	21476	0.0000	0.0000	0	0	0	0.0000	0	0.00
chrUn_KI270320v1	0.0000	4416	0.0000	0.0000	0	0	0	0.0000	0	0.00
chrUn_KI270310v1	0.0000	1201	0.0000	0.0000	0	0	0	0.0000	0	0.00
chrUn_KI270316v1	0.0000	1444	0.0000	0.0000	0	0	0	0.0000	0	0.00
chrUn_KI270315v1	0.0000	2276	0.0000	0.0000	0	0	0	0.0000	0	0.00
chrUn_KI270312v1	0.0000	998	0.0000	0.0000	0	0	0	0.0000	0	0.00
chrUn_KI270311v1	0.0000	12399	0.0000	0.0000	0	0	0	0.0000	0	0.00
chrUn_KI270317v1	0.0000	37690	0.0000	0.0000	0	0	0	0.0000	0	0.00
chrUn_KI270412v1	0.0000	1179	0.0000	0.0000	0	0	0	0.0000	0	0.00
chrUn_KI270411v1	0.0000	2646	0.0000	0.0000	0	0	0	0.0000	0	0.00
chrUn_KI270414v1	0.0000	2489	0.0000	0.0000	0	0	0	0.0000	0	0.00
chrUn_KI270419v1	0.0000	1029	0.0000	0.0000	0	0	0	0.0000	0	0.00
chrUn_KI270418v1	0.0000	2145	0.0000	0.0000	0	0	0	0.0000	0	0.00
chrUn_KI270420v1	0.0000	2321	0.0000	0.0000	0	0	0	0.0000	0	0.00
chrUn_KI270424v1	0.0000	2140	0.0000	0.0000	0	0	0	0.0000	0	0.00
chrUn_KI270417v1	0.0000	2043	0.0000	0.0000	0	0	0	0.0000	0	0.00
chrUn_KI270422v1	0.0000	1445	0.0000	0.0000	0	0	0	0.0000	0	0.00
chrUn_KI270423v1	0.0000	981	0.0000	0.0000	0	0	0	0.0000	0	0.00
chrUn_KI270425v1	0.0000	1884	0.0000	0.0000	0	0	0	0.0000	0	0.00
chrUn_KI270429v1	0.0000	1361	0.0000	0.0000	0	0	0	0.0000	0	0.00
chrUn_KI270442v1	1.3287	392061	0.0000	1.0891	4270	3449	8739	0.6307	0	48.49
chrUn_KI270466v1	0.0000	1233	0.0000	0.0000	0	0	0	0.0000	0	0.00
chrUn_KI270465v1	0.0000	1774	0.0000	0.0000	0	0	0	0.0000	0	0.00
chrUn_KI270467v1	0.0000	3920	0.0000	0.0000	0	0	0	0.0000	0	0.00
chrUn_KI270435v1	0.0042	92983	0.0000	0.0903	84	1	8	0.6046	0	0.18
chrUn_KI270438v1	0.0000	112505	0.0000	0.0000	0	0	0	0.0000	0	0.00
chrUn_KI270468v1	0.0000	4055	0.0000	0.0000	0	0	0	0.0000	0	0.00
chrUn_KI270510v1	0.0000	2415	0.0000	0.0000	0	0	0	0.0000	0	0.00
chrUn_KI270509v1	0.0000	2318	0.0000	0.0000	0	0	0	0.0000	0	0.00
chrUn_KI270518v1	0.0000	2186	0.0000	0.0000	0	0	0	0.0000	0	0.00
chrUn_KI270508v1	0.0000	1951	0.0000	0.0000	0	0	0	0.0000	0	0.00
chrUn_KI270516v1	0.0000	1300	0.0000	0.0000	0	0	0	0.0000	0	0.00
chrUn_KI270512v1	0.0000	22689	0.0000	0.0000	0	0	0	0.0000	0	0.00
chrUn_KI270519v1	0.0010	138126	0.0000	0.0637	88	0	3	0.3712	0	0.04
chrUn_KI270522v1	0.0000	5674	0.0000	0.0000	0	0	0	0.0000	0	0.00
chrUn_KI270511v1	0.0000	8127	0.0000	0.0000	0	0	0	0.0000	0	0.00
chrUn_KI270515v1	0.0000	6361	0.0000	0.0000	0	0	0	0.0000	0	0.00
chrUn_KI270507v1	0.0000	5353	0.0000	0.0000	0	0	0	0.0000	0	0.00
chrUn_KI270517v1	0.0000	3253	0.0000	0.0000	0	0	0	0.0000	0	0.00
chrUn_KI270529v1	0.0000	1899	0.0000	0.0000	0	0	0	0.0000	0	0.00
chrUn_KI270528v1	0.0000	2983	0.0000	0.0000	0	0	0	0.0000	0	0.00
chrUn_KI270530v1	0.0000	2168	0.0000	0.0000	0	0	0	0.0000	0	0.00
chrUn_KI270539v1	0.0000	993	0.0000	0.0000	0	0	0	0.0000	0	0.00
chrUn_KI270538v1	0.0016	91309	0.0000	0.0394	36	4	0	0.5833	0	0.08
chrUn_KI270544v1	0.0000	1202	0.0000	0.0000	0	0	0	0.0000	0	0.00
chrUn_KI270548v1	0.0000	1599	0.0000	0.0000	0	0	0	0.0000	0	0.00
chrUn_KI270583v1	0.0000	1400	0.0000	0.0000	0	0	0	0.0000	0	0.00
chrUn_KI270587v1	0.0000	2969	0.0000	0.0000	0	0	0	0.0000	0	0.00
chrUn_KI270580v1	0.0000	1553	0.0000	0.0000	0	0	0	0.0000	0	0.00
chrUn_KI270581v1	0.0062	7046	0.0000	0.6245	44	1	0	0.2955	0	0.08
chrUn_KI270579v1	0.0000	31033	0.0000	0.0000	0	0	0	0.0000	0	0.00
chrUn_KI270589v1	0.0020	44474	0.0000	0.0989	44	2	0	0.3636	0	0.06
chrUn_KI270590v1	0.0000	4685	0.0000	0.0000	0	0	0	0.0000	0	0.00
chrUn_KI270584v1	0.0000	4513	0.0000	0.0000	0	0	0	0.0000	0	0.00
chrUn_KI270582v1	0.0068	6504	0.0000	0.6765	44	0	1	0.5227	0	0.08
chrUn_KI270588v1	0.0000	6158	0.0000	0.0000	0	0	0	0.0000	0	0.00
chrUn_KI270593v1	0.0000	3041	0.0000	0.0000	0	0	0	0.0000	0	0.00
chrUn_KI270591v1	0.0000	5796	0.0000	0.0000	0	0	0	0.0000	0	0.00
chrUn_KI270330v1	0.0000	1652	0.0000	0.0000	0	0	0	0.0000	0	0.00
chrUn_KI270329v1	0.0000	1040	0.0000	0.0000	0	0	0	0.0000	0	0.00
chrUn_KI270334v1	0.0000	1368	0.0000	0.0000	0	0	0	0.0000	0	0.00
chrUn_KI270333v1	0.0000	2699	0.0000	0.0000	0	0	0	0.0000	0	0.00
chrUn_KI270335v1	0.0000	1048	0.0000	0.0000	0	0	0	0.0000	0	0.00
chrUn_KI270338v1	0.0000	1428	0.0000	0.0000	0	0	0	0.0000	0	0.00
chrUn_KI270340v1	0.0000	1428	0.0000	0.0000	0	0	0	0.0000	0	0.00
chrUn_KI270336v1	0.0000	1026	0.0000	0.0000	0	0	0	0.0000	0	0.00
chrUn_KI270337v1	0.0000	1121	0.0000	0.0000	0	0	0	0.0000	0	0.00
chrUn_KI270363v1	0.0000	1803	0.0000	0.0000	0	0	0	0.0000	0	0.00
chrUn_KI270364v1	0.0000	2855	0.0000	0.0000	0	0	0	0.0000	0	0.00
chrUn_KI270362v1	0.0000	3530	0.0000	0.0000	0	0	0	0.0000	0	0.00
chrUn_KI270366v1	0.0000	8320	0.0000	0.0000	0	0	0	0.0000	0	0.00
chrUn_KI270378v1	0.0000	1048	0.0000	0.0000	0	0	0	0.0000	0	0.00
chrUn_KI270379v1	0.0000	1045	0.0000	0.0000	0	0	0	0.0000	0	0.00
chrUn_KI270389v1	0.0000	1298	0.0000	0.0000	0	0	0	0.0000	0	0.00
chrUn_KI270390v1	0.0000	2387	0.0000	0.0000	0	0	0	0.0000	0	0.00
chrUn_KI270387v1	0.0000	1537	0.0000	0.0000	0	0	0	0.0000	0	0.00
chrUn_KI270395v1	0.0000	1143	0.0000	0.0000	0	0	0	0.0000	0	0.00
chrUn_KI270396v1	0.0000	1880	0.0000	0.0000	0	0	0	0.0000	0	0.00
chrUn_KI270388v1	0.0000	1216	0.0000	0.0000	0	0	0	0.0000	0	0.00
chrUn_KI270394v1	0.0000	970	0.0000	0.0000	0	0	0	0.0000	0	0.00
chrUn_KI270386v1	0.0000	1788	0.0000	0.0000	0	0	0	0.0000	0	0.00
chrUn_KI270391v1	0.0000	1484	0.0000	0.0000	0	0	0	0.0000	0	0.00
chrUn_KI270383v1	0.0000	1750	0.0000	0.0000	0	0	0	0.0000	0	0.00
chrUn_KI270393v1	0.0000	1308	0.0000	0.0000	0	0	0	0.0000	0	0.00
chrUn_KI270384v1	0.0000	1658	0.0000	0.0000	0	0	0	0.0000	0	0.00
chrUn_KI270392v1	0.0000	971	0.0000	0.0000	0	0	0	0.0000	0	0.00
chrUn_KI270381v1	0.0000	1930	0.0000	0.0000	0	0	0	0.0000	0	0.00
chrUn_KI270385v1	0.0000	990	0.0000	0.0000	0	0	0	0.0000	0	0.00
chrUn_KI270382v1	0.0000	4215	0.0000	0.0000	0	0	0	0.0000	0	0.00
chrUn_KI270376v1	0.0000	1136	0.0000	0.0000	0	0	0	0.0000	0	0.00
chrUn_KI270374v1	0.0000	2656	0.0000	0.0000	0	0	0	0.0000	0	0.00
chrUn_KI270372v1	0.0000	1650	0.0000	0.0000	0	0	0	0.0000	0	0.00
chrUn_KI270373v1	0.0000	1451	0.0000	0.0000	0	0	0	0.0000	0	0.00
chrUn_KI270375v1	0.0000	2378	0.0000	0.0000	0	0	0	0.0000	0	0.00
chrUn_KI270371v1	0.0000	2805	0.0000	0.0000	0	0	0	0.0000	0	0.00
chrUn_KI270448v1	0.0000	7992	0.0000	0.0000	0	0	0	0.0000	0	0.00
chrUn_KI270521v1	0.0000	7642	0.0000	0.0000	0	0	0	0.0000	0	0.00
chrUn_GL000195v1	4.4210	182896	0.0000	11.6585	21323	10861	7873	0.5760	0	47.71
chrUn_GL000219v1	7.1244	179198	0.0000	6.5324	11706	11458	18159	0.6309	0	147.42
chrUn_GL000220v1	78.8298	161802	0.0000	24.2865	39296	269650	29745	0.7147	0	1533.27
chrUn_GL000224v1	0.0421	179693	0.0000	0.7875	1415	117	58	0.5331	0	0.71
chrUn_KI270741v1	0.0048	157432	0.0000	0.1588	250	17	1	0.5508	0	0.13
chrUn_GL000226v1	0.0000	15008	0.0000	0.0000	0	0	0	0.0000	0	0.00
chrUn_GL000213v1	0.0122	164239	0.0000	0.3605	592	27	21	0.6035	0	0.23
chrUn_KI270743v1	0.2830	210658	0.0000	1.9857	4183	856	525	0.5653	0	5.24
chrUn_KI270744v1	0.1931	168472	0.0000	1.7629	2970	502	260	0.6026	0	4.15
chrUn_KI270745v1	0.2484	41891	0.0000	5.8246	2440	169	73	0.5266	0	1.71
chrUn_KI270746v1	0.0192	66486	0.0000	0.3820	254	10	20	0.3578	0	0.34
chrUn_KI270747v1	0.0013	198735	0.0000	0.0664	132	0	6	0.4394	0	0.06
chrUn_KI270748v1	0.3699	93321	0.0000	3.1279	2919	533	259	0.6338	0	5.57
chrUn_KI270749v1	0.0323	158759	0.0000	0.4894	777	51	66	0.5836	0	1.30
chrUn_KI270750v1	0.0436	148850	0.0000	0.5905	879	81	71	0.5507	0	0.83
chrUn_KI270751v1	0.0488	150742	0.0000	1.0110	1524	70	106	0.5253	0	0.81
chrUn_KI270752v1	0.0000	27745	0.0000	0.0000	0	0	0	0.0000	0	0.00
chrUn_KI270753v1	0.0014	62944	0.0000	0.1398	88	0	2	0.5795	0	0.04
chrUn_KI270754v1	0.1871	40191	0.0000	1.4406	579	57	117	0.5892	0	2.92
chrUn_KI270755v1	0.0191	36723	0.0000	0.9476	348	15	1	0.4659	0	0.23
chrUn_KI270756v1	0.0000	79590	0.0000	0.0000	0	0	0	0.0000	0	0.00
chrUn_KI270757v1	0.0000	71251	0.0000	0.0000	0	0	0	0.0000	0	0.00
chrUn_GL000214v1	0.3246	137718	0.0000	1.7972	2475	476	562	0.6016	0	6.17
chrUn_KI270742v1	0.8602	186739	0.0000	3.3533	6262	1079	2633	0.6035	0	20.63
chrUn_GL000216v2	0.0124	176608	0.0000	0.3216	568	24	26	0.4964	0	0.24
chrUn_GL000218v1	0.3922	161147	0.0000	2.7391	4414	654	817	0.5863	0	6.46
chrEBV	22.5382	171823	0.0000	48.4068	83174	60324	29662	0.6334	0	234.12
