#ID	Avg_fold	Length	Ref_GC	Covered_percent	Covered_bases	Plus_reads	Minus_reads	Read_GC	Median_fold	Std_Dev
chr1	0.2225	248956422	0.0000	8.8277	21977041	681063	706934	0.5407	0	4.60
chr2	0.1435	242193529	0.0000	6.9791	16902842	452368	421375	0.5286	0	1.53
chr3	0.1388	198295559	0.0000	6.8396	13562576	340585	350674	0.5289	0	1.65
chr4	0.0971	190214555	0.0000	5.0962	9693746	242093	222966	0.5194	0	1.01
chr5	0.1454	181538259	0.0000	6.6545	12080447	340607	322766	0.5271	0	3.27
chr6	0.1864	170805979	0.0000	7.4608	12743510	426565	371753	0.5307	0	2.39
chr7	0.1819	159345973	0.0000	8.2394	13129227	364596	362485	0.5421	0	1.94
chr8	0.1236	145138636	0.0000	6.1028	8857551	217468	233079	0.5339	0	3.66
chr9	0.1613	138394717	0.0000	7.4589	10322767	272146	288054	0.5477	0	2.37
chr10	0.1604	133797422	0.0000	7.9903	10690823	289554	249015	0.5326	0	1.25
chr11	0.1967	135086622	0.0000	8.0654	10895218	342236	324361	0.5452	0	4.39
chr12	0.1969	133275309	0.0000	8.7840	11706930	336283	321850	0.5340	0	3.22
chr13	0.0866	114364328	0.0000	4.5260	5176073	121437	127686	0.5174	0	2.13
chr14	0.1713	107043718	0.0000	7.4210	7943760	226431	233476	0.5413	0	2.56
chr15	0.1757	101991189	0.0000	8.0420	8202148	230272	218790	0.5389	0	1.41
chr16	0.2817	90338345	0.0000	11.7898	10650674	342942	293731	0.5659	0	1.81
chr17	0.4321	83257441	0.0000	15.3501	12780089	424204	476540	0.5643	0	7.76
chr18	0.1013	80373285	0.0000	5.4143	4351616	101778	102989	0.5250	0	0.88
chr19	0.5063	58617616	0.0000	19.3269	11328944	406866	335163	0.5869	0	2.68
chr20	0.1964	64444167	0.0000	9.0664	5842789	164306	154106	0.5555	0	2.19
chr21	1.5828	46709983	0.0000	6.6595	3110660	1756998	83209	0.6547	0	59.51
chr22	0.2679	50818468	0.0000	11.5329	5860858	185090	155568	0.5742	0	1.78
chrX	0.0896	156040895	0.0000	4.5993	7176852	180363	172405	0.5307	0	1.64
chrY	0.0074	57227415	0.0000	0.4298	245955	5783	5679	0.5030	0	1.35
chrM	453.4681	16569	0.0000	99.8672	16547	126459	63623	0.4614	249	597.03
chr1_KI270706v1_random	0.1180	175055	0.0000	8.4059	14715	288	239	0.4893	0	0.65
chr1_KI270707v1_random	0.0791	32032	0.0000	6.7401	2159	25	40	0.4974	0	0.32
chr1_KI270708v1_random	0.0468	127682	0.0000	3.7860	4834	108	49	0.5103	0	0.28
chr1_KI270709v1_random	0.0078	66860	0.0000	0.6147	411	7	6	0.4511	0	0.12
chr1_KI270710v1_random	0.0054	40176	0.0000	0.4157	167	4	3	0.4978	0	0.10
chr1_KI270711v1_random	0.2065	42210	0.0000	15.3471	6478	16	203	0.4850	0	0.55
chr1_KI270712v1_random	0.0652	176043	0.0000	4.5017	7925	123	172	0.5704	0	0.58
chr1_KI270713v1_random	8.9544	40745	0.0000	22.1622	9030	351	8695	0.5280	0	82.47
chr1_KI270714v1_random	0.1140	41717	0.0000	7.7379	3228	59	64	0.5632	0	0.65
chr2_KI270715v1_random	0.0000	161471	0.0000	0.0000	0	0	0	0.0000	0	0.00
chr2_KI270716v1_random	0.0000	153799	0.0000	0.0000	0	0	0	0.0000	0	0.00
chr3_GL000221v1_random	0.2528	155397	0.0000	10.6514	16552	230	751	0.5683	0	2.73
chr4_GL000008v2_random	0.0849	209709	0.0000	5.0751	10643	327	124	0.5466	0	0.91
chr5_GL000208v1_random	0.0086	92689	0.0000	0.8221	762	13	8	0.4387	0	0.10
chr9_KI270717v1_random	0.0406	40062	0.0000	3.4297	1374	7	33	0.4367	0	0.23
chr9_KI270718v1_random	1.0393	38054	0.0000	42.4029	16136	80	903	0.5004	0	4.10
chr9_KI270719v1_random	0.2098	176845	0.0000	8.6392	15278	464	480	0.5875	0	1.41
chr9_KI270720v1_random	0.1398	39050	0.0000	9.7567	3810	39	104	0.4384	0	0.53
chr11_KI270721v1_random	0.2415	100316	0.0000	12.7228	12763	588	15	0.6428	0	0.89
chr14_GL000009v2_random	0.0958	201709	0.0000	6.7587	13633	162	336	0.4870	0	0.57
chr14_GL000225v1_random	0.0130	211173	0.0000	1.1313	2389	46	26	0.5043	0	0.13
chr14_KI270722v1_random	0.0406	194050	0.0000	3.0435	5906	143	65	0.5142	0	0.31
chr14_GL000194v1_random	0.1126	191469	0.0000	7.7882	14912	68	470	0.5438	0	0.61
chr14_KI270723v1_random	0.0736	38115	0.0000	4.8406	1845	36	43	0.4991	0	0.42
chr14_KI270724v1_random	0.0980	39555	0.0000	4.4166	1747	71	34	0.5323	0	0.75
chr14_KI270725v1_random	0.0127	172810	0.0000	0.7997	1382	19	37	0.5916	0	0.24
chr14_KI270726v1_random	0.0899	43739	0.0000	4.9384	2160	57	42	0.5077	0	0.61
chr15_KI270727v1_random	0.0196	448248	0.0000	1.5248	6835	73	149	0.5247	0	0.18
chr16_KI270728v1_random	0.0247	1872759	0.0000	1.9420	36369	658	549	0.5237	0	0.21
chr17_GL000205v2_random	1.2039	185591	0.0000	32.0199	59426	1773	3845	0.5032	0	4.40
chr17_KI270729v1_random	0.0027	280839	0.0000	0.2546	715	16	5	0.4395	0	0.06
chr17_KI270730v1_random	0.0021	112551	0.0000	0.1839	207	5	2	0.5738	0	0.05
chr22_KI270731v1_random	0.1194	150754	0.0000	8.1716	12319	325	129	0.5652	0	0.51
chr22_KI270732v1_random	0.0066	41543	0.0000	0.6644	276	5	3	0.4891	0	0.08
chr22_KI270733v1_random	186.2731	179772	0.0000	29.6209	53250	832047	466	0.6694	0	651.81
chr22_KI270734v1_random	0.1470	165050	0.0000	8.5198	14062	262	354	0.6023	0	1.03
chr22_KI270735v1_random	0.0053	42811	0.0000	0.4461	191	2	4	0.4805	0	0.08
chr22_KI270736v1_random	0.0035	181920	0.0000	0.2259	411	6	10	0.5068	0	0.09
chr22_KI270737v1_random	0.0046	103838	0.0000	0.4228	439	5	7	0.4750	0	0.07
chr22_KI270738v1_random	0.0023	99375	0.0000	0.2274	226	4	3	0.4978	0	0.05
chr22_KI270739v1_random	0.0051	73985	0.0000	0.4636	343	5	4	0.4436	0	0.08
chrY_KI270740v1_random	0.0019	37240	0.0000	0.1933	72	1	1	0.5972	0	0.04
chrUn_KI270302v1	0.0000	2274	0.0000	0.0000	0	0	0	0.0000	0	0.00
chrUn_KI270304v1	0.0203	2165	0.0000	2.0323	44	1	0	0.4545	0	0.14
chrUn_KI270303v1	0.0000	1942	0.0000	0.0000	0	0	0	0.0000	0	0.00
chrUn_KI270305v1	0.0000	1472	0.0000	0.0000	0	0	0	0.0000	0	0.00
chrUn_KI270322v1	0.0060	21476	0.0000	0.6007	129	0	3	0.4773	0	0.08
chrUn_KI270320v1	0.0000	4416	0.0000	0.0000	0	0	0	0.0000	0	0.00
chrUn_KI270310v1	0.0000	1201	0.0000	0.0000	0	0	0	0.0000	0	0.00
chrUn_KI270316v1	0.0000	1444	0.0000	0.0000	0	0	0	0.0000	0	0.00
chrUn_KI270315v1	0.0000	2276	0.0000	0.0000	0	0	0	0.0000	0	0.00
chrUn_KI270312v1	0.0000	998	0.0000	0.0000	0	0	0	0.0000	0	0.00
chrUn_KI270311v1	0.0000	12399	0.0000	0.0000	0	0	0	0.0000	0	0.00
chrUn_KI270317v1	0.0000	37690	0.0000	0.0000	0	0	0	0.0000	0	0.00
chrUn_KI270412v1	0.0000	1179	0.0000	0.0000	0	0	0	0.0000	0	0.00
chrUn_KI270411v1	0.0000	2646	0.0000	0.0000	0	0	0	0.0000	0	0.00
chrUn_KI270414v1	0.0000	2489	0.0000	0.0000	0	0	0	0.0000	0	0.00
chrUn_KI270419v1	0.0000	1029	0.0000	0.0000	0	0	0	0.0000	0	0.00
chrUn_KI270418v1	0.0000	2145	0.0000	0.0000	0	0	0	0.0000	0	0.00
chrUn_KI270420v1	0.0000	2321	0.0000	0.0000	0	0	0	0.0000	0	0.00
chrUn_KI270424v1	0.0000	2140	0.0000	0.0000	0	0	0	0.0000	0	0.00
chrUn_KI270417v1	0.0000	2043	0.0000	0.0000	0	0	0	0.0000	0	0.00
chrUn_KI270422v1	0.0000	1445	0.0000	0.0000	0	0	0	0.0000	0	0.00
chrUn_KI270423v1	0.0000	981	0.0000	0.0000	0	0	0	0.0000	0	0.00
chrUn_KI270425v1	0.0000	1884	0.0000	0.0000	0	0	0	0.0000	0	0.00
chrUn_KI270429v1	0.0000	1361	0.0000	0.0000	0	0	0	0.0000	0	0.00
chrUn_KI270442v1	0.2745	392061	0.0000	2.5973	10183	459	2411	0.5443	0	8.96
chrUn_KI270466v1	0.0000	1233	0.0000	0.0000	0	0	0	0.0000	0	0.00
chrUn_KI270465v1	0.0000	1774	0.0000	0.0000	0	0	0	0.0000	0	0.00
chrUn_KI270467v1	0.0000	3920	0.0000	0.0000	0	0	0	0.0000	0	0.00
chrUn_KI270435v1	0.0063	92983	0.0000	0.5216	485	4	10	0.4269	0	0.09
chrUn_KI270438v1	0.0045	112505	0.0000	0.4222	475	8	6	0.3937	0	0.07
chrUn_KI270468v1	0.0000	4055	0.0000	0.0000	0	0	0	0.0000	0	0.00
chrUn_KI270510v1	0.0000	2415	0.0000	0.0000	0	0	0	0.0000	0	0.00
chrUn_KI270509v1	0.0000	2318	0.0000	0.0000	0	0	0	0.0000	0	0.00
chrUn_KI270518v1	0.0000	2186	0.0000	0.0000	0	0	0	0.0000	0	0.00
chrUn_KI270508v1	0.0405	1951	0.0000	4.0492	79	2	0	0.4430	0	0.20
chrUn_KI270516v1	0.0000	1300	0.0000	0.0000	0	0	0	0.0000	0	0.00
chrUn_KI270512v1	0.0050	22689	0.0000	0.3041	69	3	0	0.4359	0	0.09
chrUn_KI270519v1	0.0036	138126	0.0000	0.3301	456	4	8	0.4120	0	0.07
chrUn_KI270522v1	0.0000	5674	0.0000	0.0000	0	0	0	0.0000	0	0.00
chrUn_KI270511v1	0.0000	8127	0.0000	0.0000	0	0	0	0.0000	0	0.00
chrUn_KI270515v1	0.0000	6361	0.0000	0.0000	0	0	0	0.0000	0	0.00
chrUn_KI270507v1	0.0000	5353	0.0000	0.0000	0	0	0	0.0000	0	0.00
chrUn_KI270517v1	0.0000	3253	0.0000	0.0000	0	0	0	0.0000	0	0.00
chrUn_KI270529v1	0.0000	1899	0.0000	0.0000	0	0	0	0.0000	0	0.00
chrUn_KI270528v1	0.0000	2983	0.0000	0.0000	0	0	0	0.0000	0	0.00
chrUn_KI270530v1	0.0000	2168	0.0000	0.0000	0	0	0	0.0000	0	0.00
chrUn_KI270539v1	0.0856	993	0.0000	8.5599	85	1	1	0.7529	0	0.28
chrUn_KI270538v1	0.0027	91309	0.0000	0.2179	199	6	0	0.4291	0	0.06
chrUn_KI270544v1	0.0000	1202	0.0000	0.0000	0	0	0	0.0000	0	0.00
chrUn_KI270548v1	0.0000	1599	0.0000	0.0000	0	0	0	0.0000	0	0.00
chrUn_KI270583v1	0.0000	1400	0.0000	0.0000	0	0	0	0.0000	0	0.00
chrUn_KI270587v1	0.0000	2969	0.0000	0.0000	0	0	0	0.0000	0	0.00
chrUn_KI270580v1	0.0000	1553	0.0000	0.0000	0	0	0	0.0000	0	0.00
chrUn_KI270581v1	0.0104	7046	0.0000	0.5535	39	2	0	0.4932	0	0.14
chrUn_KI270579v1	0.0028	31033	0.0000	0.2836	88	2	0	0.4318	0	0.05
chrUn_KI270589v1	0.0020	44474	0.0000	0.1979	88	1	1	0.4318	0	0.04
chrUn_KI270590v1	0.0000	4685	0.0000	0.0000	0	0	0	0.0000	0	0.00
chrUn_KI270584v1	0.0000	4513	0.0000	0.0000	0	0	0	0.0000	0	0.00
chrUn_KI270582v1	0.0174	6504	0.0000	1.7374	113	1	2	0.4867	0	0.13
chrUn_KI270588v1	0.0000	6158	0.0000	0.0000	0	0	0	0.0000	0	0.00
chrUn_KI270593v1	0.0000	3041	0.0000	0.0000	0	0	0	0.0000	0	0.00
chrUn_KI270591v1	0.0000	5796	0.0000	0.0000	0	0	0	0.0000	0	0.00
chrUn_KI270330v1	0.0642	1652	0.0000	6.4165	106	0	3	0.4811	0	0.24
chrUn_KI270329v1	0.0000	1040	0.0000	0.0000	0	0	0	0.0000	0	0.00
chrUn_KI270334v1	0.0000	1368	0.0000	0.0000	0	0	0	0.0000	0	0.00
chrUn_KI270333v1	0.0133	2699	0.0000	1.3338	36	0	1	0.2222	0	0.11
chrUn_KI270335v1	0.0000	1048	0.0000	0.0000	0	0	0	0.0000	0	0.00
chrUn_KI270338v1	0.0000	1428	0.0000	0.0000	0	0	0	0.0000	0	0.00
chrUn_KI270340v1	0.0000	1428	0.0000	0.0000	0	0	0	0.0000	0	0.00
chrUn_KI270336v1	0.0000	1026	0.0000	0.0000	0	0	0	0.0000	0	0.00
chrUn_KI270337v1	0.0321	1121	0.0000	3.2114	36	0	1	0.2222	0	0.18
chrUn_KI270363v1	0.0000	1803	0.0000	0.0000	0	0	0	0.0000	0	0.00
chrUn_KI270364v1	0.0000	2855	0.0000	0.0000	0	0	0	0.0000	0	0.00
chrUn_KI270362v1	0.0000	3530	0.0000	0.0000	0	0	0	0.0000	0	0.00
chrUn_KI270366v1	0.0000	8320	0.0000	0.0000	0	0	0	0.0000	0	0.00
chrUn_KI270378v1	0.0000	1048	0.0000	0.0000	0	0	0	0.0000	0	0.00
chrUn_KI270379v1	0.0000	1045	0.0000	0.0000	0	0	0	0.0000	0	0.00
chrUn_KI270389v1	0.0000	1298	0.0000	0.0000	0	0	0	0.0000	0	0.00
chrUn_KI270390v1	0.0000	2387	0.0000	0.0000	0	0	0	0.0000	0	0.00
chrUn_KI270387v1	0.0000	1537	0.0000	0.0000	0	0	0	0.0000	0	0.00
chrUn_KI270395v1	0.0000	1143	0.0000	0.0000	0	0	0	0.0000	0	0.00
chrUn_KI270396v1	0.0000	1880	0.0000	0.0000	0	0	0	0.0000	0	0.00
chrUn_KI270388v1	0.0000	1216	0.0000	0.0000	0	0	0	0.0000	0	0.00
chrUn_KI270394v1	0.0000	970	0.0000	0.0000	0	0	0	0.0000	0	0.00
chrUn_KI270386v1	0.0000	1788	0.0000	0.0000	0	0	0	0.0000	0	0.00
chrUn_KI270391v1	0.0000	1484	0.0000	0.0000	0	0	0	0.0000	0	0.00
chrUn_KI270383v1	0.0000	1750	0.0000	0.0000	0	0	0	0.0000	0	0.00
chrUn_KI270393v1	0.0000	1308	0.0000	0.0000	0	0	0	0.0000	0	0.00
chrUn_KI270384v1	0.0000	1658	0.0000	0.0000	0	0	0	0.0000	0	0.00
chrUn_KI270392v1	0.0000	971	0.0000	0.0000	0	0	0	0.0000	0	0.00
chrUn_KI270381v1	0.0000	1930	0.0000	0.0000	0	0	0	0.0000	0	0.00
chrUn_KI270385v1	0.0000	990	0.0000	0.0000	0	0	0	0.0000	0	0.00
chrUn_KI270382v1	0.0000	4215	0.0000	0.0000	0	0	0	0.0000	0	0.00
chrUn_KI270376v1	0.0000	1136	0.0000	0.0000	0	0	0	0.0000	0	0.00
chrUn_KI270374v1	0.0000	2656	0.0000	0.0000	0	0	0	0.0000	0	0.00
chrUn_KI270372v1	0.0000	1650	0.0000	0.0000	0	0	0	0.0000	0	0.00
chrUn_KI270373v1	0.0000	1451	0.0000	0.0000	0	0	0	0.0000	0	0.00
chrUn_KI270375v1	0.0130	2378	0.0000	1.3036	31	1	0	0.3548	0	0.11
chrUn_KI270371v1	0.0000	2805	0.0000	0.0000	0	0	0	0.0000	0	0.00
chrUn_KI270448v1	0.0194	7992	0.0000	1.7392	139	1	3	0.5031	0	0.15
chrUn_KI270521v1	0.0419	7642	0.0000	3.1013	237	3	5	0.4831	0	0.27
chrUn_GL000195v1	1.1554	182896	0.0000	35.0516	64108	2866	2438	0.5013	0	3.58
chrUn_GL000219v1	0.3868	179198	0.0000	16.1101	28869	579	1181	0.5145	0	2.36
chrUn_GL000220v1	204.6534	161802	0.0000	31.4180	50835	822943	442	0.6691	0	681.27
chrUn_GL000224v1	0.0685	179693	0.0000	5.5656	10001	266	52	0.4953	0	0.33
chrUn_KI270741v1	0.0582	157432	0.0000	4.5696	7194	201	37	0.4950	0	0.33
chrUn_GL000226v1	0.0000	15008	0.0000	0.0000	0	0	0	0.0000	0	0.00
chrUn_GL000213v1	0.0150	164239	0.0000	1.1952	1963	26	39	0.5433	0	0.15
chrUn_KI270743v1	0.1041	210658	0.0000	5.2991	11163	352	201	0.5733	0	1.02
chrUn_KI270744v1	0.1148	168472	0.0000	7.2416	12200	272	247	0.5116	0	1.22
chrUn_KI270745v1	0.4273	41891	0.0000	26.9008	11269	378	74	0.5219	0	1.05
chrUn_KI270746v1	0.0840	66486	0.0000	5.8463	3887	50	97	0.4125	0	0.39
chrUn_KI270747v1	0.0018	198735	0.0000	0.1796	357	1	8	0.4538	0	0.04
chrUn_KI270748v1	0.0885	93321	0.0000	6.2494	5832	173	38	0.5438	0	0.47
chrUn_KI270749v1	0.0153	158759	0.0000	0.7955	1263	32	30	0.6350	0	0.26
chrUn_KI270750v1	0.0182	148850	0.0000	1.4370	2139	41	30	0.5300	0	0.17
chrUn_KI270751v1	0.0469	150742	0.0000	2.9859	4501	62	120	0.4923	0	0.39
chrUn_KI270752v1	0.0019	27745	0.0000	0.1874	52	2	0	0.3846	0	0.04
chrUn_KI270753v1	0.0084	62944	0.0000	0.6752	425	8	5	0.5644	0	0.11
chrUn_KI270754v1	0.0297	40191	0.0000	1.7840	717	2	28	0.6775	0	0.26
chrUn_KI270755v1	0.0110	36723	0.0000	0.6372	234	4	7	0.5640	0	0.18
chrUn_KI270756v1	0.0000	79590	0.0000	0.0000	0	0	0	0.0000	0	0.00
chrUn_KI270757v1	0.0023	71251	0.0000	0.2302	164	3	1	0.4207	0	0.05
chrUn_GL000214v1	0.0919	137718	0.0000	5.3312	7342	155	168	0.5422	0	0.75
chrUn_KI270742v1	0.2716	186739	0.0000	11.7212	21888	436	853	0.5531	0	2.92
chrUn_GL000216v2	0.0171	176608	0.0000	1.4320	2529	32	48	0.5044	0	0.15
chrUn_GL000218v1	0.1395	161147	0.0000	8.9999	14503	111	460	0.5417	0	0.83
chrEBV	23.4637	171823	0.0000	88.3671	151835	97190	3549	0.6437	6	54.80
