#ID	Avg_fold	Length	Ref_GC	Covered_percent	Covered_bases	Plus_reads	Minus_reads	Read_GC	Median_fold	Std_Dev
chr1	1.1810	248956422	0.0000	3.4305	8540387	3359759	3468272	0.5861	0	92.36
chr2	0.6184	242193529	0.0000	2.6050	6309141	1762542	1727401	0.6170	0	25.29
chr3	0.6081	198295559	0.0000	2.5773	5110739	1411057	1399121	0.6180	0	27.65
chr4	0.3874	190214555	0.0000	1.7844	3394162	871210	847415	0.6137	0	15.67
chr5	0.6132	181538259	0.0000	2.4443	4437369	1280353	1315737	0.6217	0	25.52
chr6	0.8566	170805979	0.0000	2.8934	4942063	1759241	1649209	0.5872	0	52.11
chr7	0.7257	159345973	0.0000	2.8455	4534266	1357460	1336106	0.6250	0	34.29
chr8	0.4941	145138636	0.0000	2.2907	3324644	833512	839386	0.6234	0	17.09
chr9	0.6723	138394717	0.0000	2.7225	3767842	1090296	1078402	0.6288	0	28.84
chr10	0.6480	133797422	0.0000	2.8725	3843287	1042621	977717	0.6191	0	20.96
chr11	0.8124	135086622	0.0000	3.0482	4117705	1227946	1329345	0.6230	0	31.91
chr12	0.8618	133275309	0.0000	3.3196	4424160	1335683	1341381	0.6058	0	43.43
chr13	0.3591	114364328	0.0000	1.6439	1880085	463945	494489	0.6161	0	15.69
chr14	0.7952	107043718	0.0000	2.8441	3044406	996954	982243	0.5969	0	65.24
chr15	0.7468	101991189	0.0000	2.9192	2977340	906492	867365	0.6186	0	30.56
chr16	1.0709	90338345	0.0000	4.2509	3840237	1119092	1134095	0.6421	0	30.79
chr17	2.5904	83257441	0.0000	5.7722	4805812	2437441	2548010	0.5302	0	108.73
chr18	0.3971	80373285	0.0000	1.9694	1582905	370414	374309	0.6201	0	22.24
chr19	2.1693	58617616	0.0000	7.3272	4295043	1592887	1368034	0.6333	0	56.51
chr20	0.8417	64444167	0.0000	3.4827	2244405	657516	606089	0.6332	0	28.32
chr21	1.1431	46709983	0.0000	2.7563	1287485	900333	353117	0.6597	0	128.71
chr22	1.0271	50818468	0.0000	4.1058	2086507	611547	604225	0.6347	0	27.93
chrX	0.2827	156040895	0.0000	1.6590	2588718	521915	508049	0.6029	0	12.60
chrY	0.0494	57227415	0.0000	0.4285	245198	37210	29214	0.5401	0	2.95
chrM	510.5356	16569	0.0000	99.3361	16459	155690	50201	0.4297	303	1242.48
chr1_KI270706v1_random	0.1603	175055	0.0000	2.6363	4615	361	298	0.5269	0	2.44
chr1_KI270707v1_random	0.0734	32032	0.0000	2.5006	801	35	20	0.5059	0	0.54
chr1_KI270708v1_random	0.0453	127682	0.0000	1.4160	1808	46	95	0.4978	0	0.50
chr1_KI270709v1_random	0.0007	66860	0.0000	0.0658	44	1	0	0.4318	0	0.03
chr1_KI270710v1_random	0.0000	40176	0.0000	0.0000	0	0	0	0.0000	0	0.00
chr1_KI270711v1_random	0.0865	42210	0.0000	2.7055	1142	31	54	0.4899	0	0.93
chr1_KI270712v1_random	0.0931	176043	0.0000	1.6212	2854	156	229	0.5896	0	1.54
chr1_KI270713v1_random	157.2255	40745	0.0000	10.7081	4363	2847	143590	0.4870	0	2163.51
chr1_KI270714v1_random	0.2283	41717	0.0000	2.8981	1209	44	183	0.5669	0	2.31
chr2_KI270715v1_random	0.0000	161471	0.0000	0.0000	0	0	0	0.0000	0	0.00
chr2_KI270716v1_random	0.0000	153799	0.0000	0.0000	0	0	0	0.0000	0	0.00
chr3_GL000221v1_random	0.5823	155397	0.0000	3.8836	6035	505	1600	0.6076	0	12.26
chr4_GL000008v2_random	0.0879	209709	0.0000	1.5851	3324	283	154	0.5567	0	1.28
chr5_GL000208v1_random	0.0019	92689	0.0000	0.1899	176	1	3	0.4091	0	0.04
chr9_KI270717v1_random	0.1264	40062	0.0000	3.9988	1602	50	68	0.4897	0	0.86
chr9_KI270718v1_random	7.4487	38054	0.0000	13.8987	5289	432	6097	0.6518	0	122.29
chr9_KI270719v1_random	0.9290	176845	0.0000	4.2003	7428	2406	1474	0.6509	0	10.53
chr9_KI270720v1_random	0.0412	39050	0.0000	1.6543	646	15	23	0.4571	0	0.38
chr11_KI270721v1_random	0.6427	100316	0.0000	3.5388	3550	1224	283	0.6893	0	15.56
chr14_GL000009v2_random	0.1543	201709	0.0000	2.2924	4624	348	393	0.5537	0	2.74
chr14_GL000225v1_random	0.0268	211173	0.0000	0.8879	1875	86	53	0.5843	0	0.36
chr14_KI270722v1_random	0.0441	194050	0.0000	1.3399	2600	94	118	0.5012	0	0.57
chr14_GL000194v1_random	0.3916	191469	0.0000	3.3776	6467	665	1100	0.5987	0	7.50
chr14_KI270723v1_random	0.3179	38115	0.0000	3.3950	1294	82	203	0.5394	0	4.00
chr14_KI270724v1_random	0.4473	39555	0.0000	2.9756	1177	148	265	0.5023	0	5.52
chr14_KI270725v1_random	0.0133	172810	0.0000	0.6134	1060	28	26	0.5549	0	0.20
chr14_KI270726v1_random	0.1114	43739	0.0000	1.6987	743	92	23	0.5190	0	1.46
chr15_KI270727v1_random	0.0564	448248	0.0000	0.7975	3575	213	374	0.5940	0	1.24
chr16_KI270728v1_random	0.0626	1872759	0.0000	0.8375	15685	936	1853	0.5549	0	2.08
chr17_GL000205v2_random	7.9338	185591	0.0000	15.3989	28579	16894	17539	0.5457	0	60.06
chr17_KI270729v1_random	0.0032	280839	0.0000	0.1122	315	20	1	0.4723	0	0.13
chr17_KI270730v1_random	0.0035	112551	0.0000	0.1173	132	2	7	0.4470	0	0.11
chr22_KI270731v1_random	0.3056	150754	0.0000	3.2497	4899	489	596	0.6310	0	5.04
chr22_KI270732v1_random	0.0021	41543	0.0000	0.2118	88	2	0	0.3977	0	0.05
chr22_KI270733v1_random	101.8401	179772	0.0000	26.8173	48210	421649	5554	0.7289	0	1453.81
chr22_KI270734v1_random	0.4984	165050	0.0000	3.5171	5805	868	1054	0.6596	0	9.48
chr22_KI270735v1_random	0.0071	42811	0.0000	0.3060	131	2	5	0.5430	0	0.16
chr22_KI270736v1_random	0.0011	181920	0.0000	0.0390	71	5	0	0.4244	0	0.06
chr22_KI270737v1_random	0.0013	103838	0.0000	0.0424	44	0	3	0.5682	0	0.06
chr22_KI270738v1_random	0.0012	99375	0.0000	0.0704	70	4	0	0.6721	0	0.05
chr22_KI270739v1_random	0.0021	73985	0.0000	0.0960	71	0	5	0.4868	0	0.08
chrY_KI270740v1_random	0.0047	37240	0.0000	0.1020	38	0	5	0.6092	0	0.15
chrUn_KI270302v1	0.0000	2274	0.0000	0.0000	0	0	0	0.0000	0	0.00
chrUn_KI270304v1	0.0000	2165	0.0000	0.0000	0	0	0	0.0000	0	0.00
chrUn_KI270303v1	0.0000	1942	0.0000	0.0000	0	0	0	0.0000	0	0.00
chrUn_KI270305v1	0.0000	1472	0.0000	0.0000	0	0	0	0.0000	0	0.00
chrUn_KI270322v1	0.0000	21476	0.0000	0.0000	0	0	0	0.0000	0	0.00
chrUn_KI270320v1	0.0000	4416	0.0000	0.0000	0	0	0	0.0000	0	0.00
chrUn_KI270310v1	0.0000	1201	0.0000	0.0000	0	0	0	0.0000	0	0.00
chrUn_KI270316v1	0.0000	1444	0.0000	0.0000	0	0	0	0.0000	0	0.00
chrUn_KI270315v1	0.0000	2276	0.0000	0.0000	0	0	0	0.0000	0	0.00
chrUn_KI270312v1	0.0000	998	0.0000	0.0000	0	0	0	0.0000	0	0.00
chrUn_KI270311v1	0.0000	12399	0.0000	0.0000	0	0	0	0.0000	0	0.00
chrUn_KI270317v1	0.0000	37690	0.0000	0.0000	0	0	0	0.0000	0	0.00
chrUn_KI270412v1	0.0000	1179	0.0000	0.0000	0	0	0	0.0000	0	0.00
chrUn_KI270411v1	0.0000	2646	0.0000	0.0000	0	0	0	0.0000	0	0.00
chrUn_KI270414v1	0.0000	2489	0.0000	0.0000	0	0	0	0.0000	0	0.00
chrUn_KI270419v1	0.0000	1029	0.0000	0.0000	0	0	0	0.0000	0	0.00
chrUn_KI270418v1	0.1026	2145	0.0000	2.0513	44	5	0	0.4318	0	0.71
chrUn_KI270420v1	0.0000	2321	0.0000	0.0000	0	0	0	0.0000	0	0.00
chrUn_KI270424v1	0.0000	2140	0.0000	0.0000	0	0	0	0.0000	0	0.00
chrUn_KI270417v1	0.0000	2043	0.0000	0.0000	0	0	0	0.0000	0	0.00
chrUn_KI270422v1	0.1522	1445	0.0000	3.0450	44	5	0	0.4318	0	0.86
chrUn_KI270423v1	0.0000	981	0.0000	0.0000	0	0	0	0.0000	0	0.00
chrUn_KI270425v1	0.0000	1884	0.0000	0.0000	0	0	0	0.0000	0	0.00
chrUn_KI270429v1	0.0000	1361	0.0000	0.0000	0	0	0	0.0000	0	0.00
chrUn_KI270442v1	0.8541	392061	0.0000	1.3416	5260	2595	5350	0.6173	0	26.34
chrUn_KI270466v1	0.0000	1233	0.0000	0.0000	0	0	0	0.0000	0	0.00
chrUn_KI270465v1	0.0496	1774	0.0000	2.4803	44	2	0	0.3409	0	0.31
chrUn_KI270467v1	0.0000	3920	0.0000	0.0000	0	0	0	0.0000	0	0.00
chrUn_KI270435v1	0.0043	92983	0.0000	0.1893	176	2	7	0.4848	0	0.11
chrUn_KI270438v1	0.0045	112505	0.0000	0.1867	210	12	0	0.4016	0	0.13
chrUn_KI270468v1	0.0000	4055	0.0000	0.0000	0	0	0	0.0000	0	0.00
chrUn_KI270510v1	0.0000	2415	0.0000	0.0000	0	0	0	0.0000	0	0.00
chrUn_KI270509v1	0.0000	2318	0.0000	0.0000	0	0	0	0.0000	0	0.00
chrUn_KI270518v1	0.0000	2186	0.0000	0.0000	0	0	0	0.0000	0	0.00
chrUn_KI270508v1	0.0000	1951	0.0000	0.0000	0	0	0	0.0000	0	0.00
chrUn_KI270516v1	0.0000	1300	0.0000	0.0000	0	0	0	0.0000	0	0.00
chrUn_KI270512v1	0.0000	22689	0.0000	0.0000	0	0	0	0.0000	0	0.00
chrUn_KI270519v1	0.0015	138126	0.0000	0.0637	88	3	2	0.5529	0	0.06
chrUn_KI270522v1	0.0000	5674	0.0000	0.0000	0	0	0	0.0000	0	0.00
chrUn_KI270511v1	0.0000	8127	0.0000	0.0000	0	0	0	0.0000	0	0.00
chrUn_KI270515v1	0.0000	6361	0.0000	0.0000	0	0	0	0.0000	0	0.00
chrUn_KI270507v1	0.0000	5353	0.0000	0.0000	0	0	0	0.0000	0	0.00
chrUn_KI270517v1	0.0000	3253	0.0000	0.0000	0	0	0	0.0000	0	0.00
chrUn_KI270529v1	0.0000	1899	0.0000	0.0000	0	0	0	0.0000	0	0.00
chrUn_KI270528v1	0.0000	2983	0.0000	0.0000	0	0	0	0.0000	0	0.00
chrUn_KI270530v1	0.0000	2168	0.0000	0.0000	0	0	0	0.0000	0	0.00
chrUn_KI270539v1	0.0000	993	0.0000	0.0000	0	0	0	0.0000	0	0.00
chrUn_KI270538v1	0.0016	91309	0.0000	0.0394	36	4	0	0.5833	0	0.08
chrUn_KI270544v1	0.1830	1202	0.0000	3.6606	44	5	0	0.4091	0	0.94
chrUn_KI270548v1	0.0000	1599	0.0000	0.0000	0	0	0	0.0000	0	0.00
chrUn_KI270583v1	0.0000	1400	0.0000	0.0000	0	0	0	0.0000	0	0.00
chrUn_KI270587v1	0.0000	2969	0.0000	0.0000	0	0	0	0.0000	0	0.00
chrUn_KI270580v1	0.0000	1553	0.0000	0.0000	0	0	0	0.0000	0	0.00
chrUn_KI270581v1	0.0125	7046	0.0000	1.2489	88	1	1	0.5568	0	0.11
chrUn_KI270579v1	0.0000	31033	0.0000	0.0000	0	0	0	0.0000	0	0.00
chrUn_KI270589v1	0.0010	44474	0.0000	0.0989	44	0	1	0.2955	0	0.03
chrUn_KI270590v1	0.0000	4685	0.0000	0.0000	0	0	0	0.0000	0	0.00
chrUn_KI270584v1	0.0000	4513	0.0000	0.0000	0	0	0	0.0000	0	0.00
chrUn_KI270582v1	0.0000	6504	0.0000	0.0000	0	0	0	0.0000	0	0.00
chrUn_KI270588v1	0.0000	6158	0.0000	0.0000	0	0	0	0.0000	0	0.00
chrUn_KI270593v1	0.0000	3041	0.0000	0.0000	0	0	0	0.0000	0	0.00
chrUn_KI270591v1	0.0000	5796	0.0000	0.0000	0	0	0	0.0000	0	0.00
chrUn_KI270330v1	0.0000	1652	0.0000	0.0000	0	0	0	0.0000	0	0.00
chrUn_KI270329v1	0.0000	1040	0.0000	0.0000	0	0	0	0.0000	0	0.00
chrUn_KI270334v1	0.0000	1368	0.0000	0.0000	0	0	0	0.0000	0	0.00
chrUn_KI270333v1	0.0000	2699	0.0000	0.0000	0	0	0	0.0000	0	0.00
chrUn_KI270335v1	0.0000	1048	0.0000	0.0000	0	0	0	0.0000	0	0.00
chrUn_KI270338v1	0.0000	1428	0.0000	0.0000	0	0	0	0.0000	0	0.00
chrUn_KI270340v1	0.0000	1428	0.0000	0.0000	0	0	0	0.0000	0	0.00
chrUn_KI270336v1	0.0000	1026	0.0000	0.0000	0	0	0	0.0000	0	0.00
chrUn_KI270337v1	0.0000	1121	0.0000	0.0000	0	0	0	0.0000	0	0.00
chrUn_KI270363v1	0.0000	1803	0.0000	0.0000	0	0	0	0.0000	0	0.00
chrUn_KI270364v1	0.0000	2855	0.0000	0.0000	0	0	0	0.0000	0	0.00
chrUn_KI270362v1	0.0000	3530	0.0000	0.0000	0	0	0	0.0000	0	0.00
chrUn_KI270366v1	0.0000	8320	0.0000	0.0000	0	0	0	0.0000	0	0.00
chrUn_KI270378v1	0.0000	1048	0.0000	0.0000	0	0	0	0.0000	0	0.00
chrUn_KI270379v1	0.0373	1045	0.0000	3.7321	39	1	0	0.3333	0	0.19
chrUn_KI270389v1	0.0000	1298	0.0000	0.0000	0	0	0	0.0000	0	0.00
chrUn_KI270390v1	0.0000	2387	0.0000	0.0000	0	0	0	0.0000	0	0.00
chrUn_KI270387v1	0.0000	1537	0.0000	0.0000	0	0	0	0.0000	0	0.00
chrUn_KI270395v1	0.0000	1143	0.0000	0.0000	0	0	0	0.0000	0	0.00
chrUn_KI270396v1	0.0000	1880	0.0000	0.0000	0	0	0	0.0000	0	0.00
chrUn_KI270388v1	0.0000	1216	0.0000	0.0000	0	0	0	0.0000	0	0.00
chrUn_KI270394v1	0.0000	970	0.0000	0.0000	0	0	0	0.0000	0	0.00
chrUn_KI270386v1	0.0000	1788	0.0000	0.0000	0	0	0	0.0000	0	0.00
chrUn_KI270391v1	0.0000	1484	0.0000	0.0000	0	0	0	0.0000	0	0.00
chrUn_KI270383v1	0.0000	1750	0.0000	0.0000	0	0	0	0.0000	0	0.00
chrUn_KI270393v1	0.0000	1308	0.0000	0.0000	0	0	0	0.0000	0	0.00
chrUn_KI270384v1	0.0000	1658	0.0000	0.0000	0	0	0	0.0000	0	0.00
chrUn_KI270392v1	0.0000	971	0.0000	0.0000	0	0	0	0.0000	0	0.00
chrUn_KI270381v1	0.0000	1930	0.0000	0.0000	0	0	0	0.0000	0	0.00
chrUn_KI270385v1	0.0000	990	0.0000	0.0000	0	0	0	0.0000	0	0.00
chrUn_KI270382v1	0.0000	4215	0.0000	0.0000	0	0	0	0.0000	0	0.00
chrUn_KI270376v1	0.0000	1136	0.0000	0.0000	0	0	0	0.0000	0	0.00
chrUn_KI270374v1	0.0000	2656	0.0000	0.0000	0	0	0	0.0000	0	0.00
chrUn_KI270372v1	0.0000	1650	0.0000	0.0000	0	0	0	0.0000	0	0.00
chrUn_KI270373v1	0.0000	1451	0.0000	0.0000	0	0	0	0.0000	0	0.00
chrUn_KI270375v1	0.0000	2378	0.0000	0.0000	0	0	0	0.0000	0	0.00
chrUn_KI270371v1	0.0000	2805	0.0000	0.0000	0	0	0	0.0000	0	0.00
chrUn_KI270448v1	0.0365	7992	0.0000	1.0385	83	0	7	0.3311	0	0.39
chrUn_KI270521v1	0.0593	7642	0.0000	1.5310	117	2	10	0.4536	0	0.51
chrUn_GL000195v1	4.3207	182896	0.0000	15.7237	28758	10329	8166	0.5698	0	39.84
chrUn_GL000219v1	3.2854	179198	0.0000	6.2121	11132	5924	7903	0.6257	0	49.25
chrUn_GL000220v1	75.3900	161802	0.0000	28.4712	46067	281652	6516	0.7146	0	1531.03
chrUn_GL000224v1	0.1017	179693	0.0000	2.0229	3635	321	111	0.5286	0	1.36
chrUn_KI270741v1	0.0809	157432	0.0000	1.5397	2424	260	45	0.5553	0	1.35
chrUn_GL000226v1	0.0000	15008	0.0000	0.0000	0	0	0	0.0000	0	0.00
chrUn_GL000213v1	0.0160	164239	0.0000	0.6844	1124	26	36	0.5472	0	0.24
chrUn_KI270743v1	0.1498	210658	0.0000	1.9809	4173	504	238	0.5571	0	2.45
chrUn_KI270744v1	0.0671	168472	0.0000	1.8781	3164	133	137	0.5091	0	0.80
chrUn_KI270745v1	0.1814	41891	0.0000	6.9824	2925	111	70	0.5028	0	0.99
chrUn_KI270746v1	0.0186	66486	0.0000	0.4648	309	17	15	0.3981	0	0.29
chrUn_KI270747v1	0.0106	198735	0.0000	0.2732	543	13	37	0.4967	0	0.32
chrUn_KI270748v1	0.4048	93321	0.0000	4.3399	4050	556	324	0.5834	0	4.54
chrUn_KI270749v1	0.0341	158759	0.0000	0.5474	869	35	96	0.6167	0	1.37
chrUn_KI270750v1	0.0178	148850	0.0000	0.4730	704	34	29	0.5922	0	0.39
chrUn_KI270751v1	0.0668	150742	0.0000	1.3759	2074	122	123	0.5229	0	1.02
chrUn_KI270752v1	0.0000	27745	0.0000	0.0000	0	0	0	0.0000	0	0.00
chrUn_KI270753v1	0.0357	62944	0.0000	1.0883	685	34	18	0.5098	0	0.42
chrUn_KI270754v1	0.0554	40191	0.0000	1.0948	440	26	25	0.6010	0	0.92
chrUn_KI270755v1	0.0481	36723	0.0000	1.1764	432	29	13	0.4893	0	0.56
chrUn_KI270756v1	0.0000	79590	0.0000	0.0000	0	0	0	0.0000	0	0.00
chrUn_KI270757v1	0.0000	71251	0.0000	0.0000	0	0	0	0.0000	0	0.00
chrUn_GL000214v1	0.2074	137718	0.0000	2.6090	3593	323	354	0.5452	0	2.90
chrUn_KI270742v1	0.4844	186739	0.0000	3.0219	5643	557	1541	0.6070	0	11.36
chrUn_GL000216v2	0.0144	176608	0.0000	0.4400	777	11	54	0.5360	0	0.26
chrUn_GL000218v1	0.3547	161147	0.0000	3.1896	5140	589	765	0.5880	0	6.49
chrEBV	34.0935	171823	0.0000	56.9470	97848	82049	55077	0.6571	2	309.52
