#ID	Avg_fold	Length	Ref_GC	Covered_percent	Covered_bases	Plus_reads	Minus_reads	Read_GC	Median_fold	Std_Dev
chr1	0.3875	248956422	0.0000	2.3557	5864631	1126951	1134403	0.6074	0	37.19
chr2	0.2157	242193529	0.0000	1.7616	4266455	623734	604460	0.6360	0	9.38
chr3	0.2054	198295559	0.0000	1.6848	3340829	483417	473520	0.6361	0	8.71
chr4	0.1366	190214555	0.0000	1.1957	2274471	310780	299841	0.6315	0	6.01
chr5	0.2133	181538259	0.0000	1.6325	2963666	449923	461086	0.6372	0	9.82
chr6	0.2829	170805979	0.0000	2.0301	3467586	587052	548552	0.6080	0	18.43
chr7	0.2576	159345973	0.0000	1.9244	3066397	479973	484463	0.6418	0	12.75
chr8	0.1755	145138636	0.0000	1.5635	2269202	297540	301985	0.6420	0	6.67
chr9	0.2449	138394717	0.0000	1.8664	2583032	401050	395664	0.6460	0	11.65
chr10	0.2265	133797422	0.0000	1.9339	2587521	371408	340820	0.6364	0	7.87
chr11	0.2861	135086622	0.0000	2.1209	2864986	435106	473320	0.6367	0	11.86
chr12	0.2978	133275309	0.0000	2.2713	3027019	469908	463579	0.6233	0	12.98
chr13	0.1249	114364328	0.0000	1.1026	1260929	164861	171901	0.6361	0	6.08
chr14	0.2668	107043718	0.0000	1.9738	2112801	332594	337401	0.6184	0	27.34
chr15	0.2693	101991189	0.0000	2.0356	2076120	329475	315378	0.6356	0	11.11
chr16	0.3780	90338345	0.0000	2.8787	2600552	397257	404554	0.6577	0	11.76
chr17	0.6958	83257441	0.0000	4.0277	3353323	661413	694147	0.6039	0	67.18
chr18	0.1444	80373285	0.0000	1.3755	1105564	136628	136555	0.6385	0	8.37
chr19	0.8006	58617616	0.0000	5.2391	3071061	591565	510306	0.6432	0	21.23
chr20	0.2950	64444167	0.0000	2.3487	1513568	231996	214643	0.6505	0	10.03
chr21	0.3951	46709983	0.0000	1.9992	933824	318317	119205	0.6779	0	52.99
chr22	0.3812	50818468	0.0000	2.9168	1482259	227369	227694	0.6471	0	12.42
chrX	0.1129	156040895	0.0000	1.2026	1876488	214634	200259	0.6180	0	5.32
chrY	0.0023	57227415	0.0000	0.0736	42098	1691	1553	0.5618	0	0.26
chrM	143.1748	16569	0.0000	99.6258	16507	45076	15154	0.4386	92	399.46
chr1_KI270706v1_random	0.0700	175055	0.0000	2.0045	3509	165	128	0.5138	0	1.05
chr1_KI270707v1_random	0.0355	32032	0.0000	1.8450	591	15	12	0.4925	0	0.30
chr1_KI270708v1_random	0.0133	127682	0.0000	0.7722	986	16	26	0.5407	0	0.19
chr1_KI270709v1_random	0.0007	66860	0.0000	0.0658	44	1	0	0.4773	0	0.03
chr1_KI270710v1_random	0.0006	40176	0.0000	0.0647	26	1	0	0.6538	0	0.03
chr1_KI270711v1_random	0.0154	42210	0.0000	1.2296	519	3	12	0.4832	0	0.15
chr1_KI270712v1_random	0.0302	176043	0.0000	0.9412	1657	51	78	0.6197	0	0.53
chr1_KI270713v1_random	37.7608	40745	0.0000	9.8834	4027	1962	33324	0.4892	0	953.69
chr1_KI270714v1_random	0.1420	41717	0.0000	2.5985	1084	41	99	0.5493	0	1.46
chr2_KI270715v1_random	0.0000	161471	0.0000	0.0000	0	0	0	0.0000	0	0.00
chr2_KI270716v1_random	0.0000	153799	0.0000	0.0000	0	0	0	0.0000	0	0.00
chr3_GL000221v1_random	0.3026	155397	0.0000	3.1564	4905	214	884	0.6195	0	7.00
chr4_GL000008v2_random	0.0390	209709	0.0000	0.9599	2013	159	35	0.6120	0	1.09
chr5_GL000208v1_random	0.0025	92689	0.0000	0.1769	164	1	5	0.4912	0	0.07
chr9_KI270717v1_random	0.0318	40062	0.0000	1.4727	590	5	27	0.5573	0	0.30
chr9_KI270718v1_random	3.0250	38054	0.0000	9.7808	3722	225	2435	0.6680	0	52.16
chr9_KI270719v1_random	0.3520	176845	0.0000	3.3679	5956	823	657	0.6537	0	3.69
chr9_KI270720v1_random	0.0111	39050	0.0000	0.8528	333	9	3	0.4434	0	0.13
chr11_KI270721v1_random	0.3044	100316	0.0000	2.8301	2839	631	88	0.7036	0	9.10
chr14_GL000009v2_random	0.0210	201709	0.0000	0.8344	1683	32	71	0.5356	0	0.36
chr14_GL000225v1_random	0.0097	211173	0.0000	0.4863	1027	25	27	0.5458	0	0.17
chr14_KI270722v1_random	0.0139	194050	0.0000	0.5421	1052	25	42	0.5597	0	0.26
chr14_GL000194v1_random	0.0674	191469	0.0000	1.4629	2801	164	145	0.6223	0	1.39
chr14_KI270723v1_random	0.0841	38115	0.0000	2.5528	973	31	48	0.5178	0	0.87
chr14_KI270724v1_random	0.1049	39555	0.0000	1.8936	749	46	54	0.5323	0	1.22
chr14_KI270725v1_random	0.0035	172810	0.0000	0.2592	448	11	4	0.6618	0	0.08
chr14_KI270726v1_random	0.4175	43739	0.0000	5.4985	2405	249	186	0.5319	0	6.25
chr15_KI270727v1_random	0.0277	448248	0.0000	0.8560	3837	108	184	0.6178	0	0.70
chr16_KI270728v1_random	0.0196	1872759	0.0000	0.5652	10585	322	550	0.5673	0	0.58
chr17_GL000205v2_random	2.3250	185591	0.0000	11.4628	21274	5310	4893	0.5547	0	17.78
chr17_KI270729v1_random	0.0009	280839	0.0000	0.0758	213	4	2	0.4453	0	0.03
chr17_KI270730v1_random	0.0014	112551	0.0000	0.1395	157	2	2	0.3567	0	0.04
chr22_KI270731v1_random	0.1367	150754	0.0000	2.1432	3231	213	277	0.6504	0	3.21
chr22_KI270732v1_random	0.0011	41543	0.0000	0.1059	44	1	0	0.4091	0	0.03
chr22_KI270733v1_random	22.0460	179772	0.0000	23.9631	43079	93058	1959	0.7212	0	517.68
chr22_KI270734v1_random	0.2002	165050	0.0000	2.6216	4327	368	414	0.6684	0	3.90
chr22_KI270735v1_random	0.0000	42811	0.0000	0.0000	0	0	0	0.0000	0	0.00
chr22_KI270736v1_random	0.0010	181920	0.0000	0.0682	124	3	1	0.4716	0	0.04
chr22_KI270737v1_random	0.0035	103838	0.0000	0.2090	217	8	2	0.4127	0	0.09
chr22_KI270738v1_random	0.0010	99375	0.0000	0.1016	101	2	1	0.5446	0	0.03
chr22_KI270739v1_random	0.0000	73985	0.0000	0.0000	0	0	0	0.0000	0	0.00
chrY_KI270740v1_random	0.0000	37240	0.0000	0.0000	0	0	0	0.0000	0	0.00
chrUn_KI270302v1	0.0000	2274	0.0000	0.0000	0	0	0	0.0000	0	0.00
chrUn_KI270304v1	0.0000	2165	0.0000	0.0000	0	0	0	0.0000	0	0.00
chrUn_KI270303v1	0.0000	1942	0.0000	0.0000	0	0	0	0.0000	0	0.00
chrUn_KI270305v1	0.0000	1472	0.0000	0.0000	0	0	0	0.0000	0	0.00
chrUn_KI270322v1	0.0000	21476	0.0000	0.0000	0	0	0	0.0000	0	0.00
chrUn_KI270320v1	0.0000	4416	0.0000	0.0000	0	0	0	0.0000	0	0.00
chrUn_KI270310v1	0.0000	1201	0.0000	0.0000	0	0	0	0.0000	0	0.00
chrUn_KI270316v1	0.0000	1444	0.0000	0.0000	0	0	0	0.0000	0	0.00
chrUn_KI270315v1	0.0000	2276	0.0000	0.0000	0	0	0	0.0000	0	0.00
chrUn_KI270312v1	0.0000	998	0.0000	0.0000	0	0	0	0.0000	0	0.00
chrUn_KI270311v1	0.0000	12399	0.0000	0.0000	0	0	0	0.0000	0	0.00
chrUn_KI270317v1	0.0000	37690	0.0000	0.0000	0	0	0	0.0000	0	0.00
chrUn_KI270412v1	0.0000	1179	0.0000	0.0000	0	0	0	0.0000	0	0.00
chrUn_KI270411v1	0.0000	2646	0.0000	0.0000	0	0	0	0.0000	0	0.00
chrUn_KI270414v1	0.0000	2489	0.0000	0.0000	0	0	0	0.0000	0	0.00
chrUn_KI270419v1	0.0000	1029	0.0000	0.0000	0	0	0	0.0000	0	0.00
chrUn_KI270418v1	0.0000	2145	0.0000	0.0000	0	0	0	0.0000	0	0.00
chrUn_KI270420v1	0.0000	2321	0.0000	0.0000	0	0	0	0.0000	0	0.00
chrUn_KI270424v1	0.0000	2140	0.0000	0.0000	0	0	0	0.0000	0	0.00
chrUn_KI270417v1	0.0000	2043	0.0000	0.0000	0	0	0	0.0000	0	0.00
chrUn_KI270422v1	0.0000	1445	0.0000	0.0000	0	0	0	0.0000	0	0.00
chrUn_KI270423v1	0.0000	981	0.0000	0.0000	0	0	0	0.0000	0	0.00
chrUn_KI270425v1	0.0000	1884	0.0000	0.0000	0	0	0	0.0000	0	0.00
chrUn_KI270429v1	0.0000	1361	0.0000	0.0000	0	0	0	0.0000	0	0.00
chrUn_KI270442v1	0.2871	392061	0.0000	1.0917	4280	864	1814	0.6241	0	9.00
chrUn_KI270466v1	0.0000	1233	0.0000	0.0000	0	0	0	0.0000	0	0.00
chrUn_KI270465v1	0.0000	1774	0.0000	0.0000	0	0	0	0.0000	0	0.00
chrUn_KI270467v1	0.0000	3920	0.0000	0.0000	0	0	0	0.0000	0	0.00
chrUn_KI270435v1	0.0000	92983	0.0000	0.0000	0	0	0	0.0000	0	0.00
chrUn_KI270438v1	0.0004	112505	0.0000	0.0391	44	1	0	0.5227	0	0.02
chrUn_KI270468v1	0.0000	4055	0.0000	0.0000	0	0	0	0.0000	0	0.00
chrUn_KI270510v1	0.0000	2415	0.0000	0.0000	0	0	0	0.0000	0	0.00
chrUn_KI270509v1	0.0000	2318	0.0000	0.0000	0	0	0	0.0000	0	0.00
chrUn_KI270518v1	0.0000	2186	0.0000	0.0000	0	0	0	0.0000	0	0.00
chrUn_KI270508v1	0.0000	1951	0.0000	0.0000	0	0	0	0.0000	0	0.00
chrUn_KI270516v1	0.0000	1300	0.0000	0.0000	0	0	0	0.0000	0	0.00
chrUn_KI270512v1	0.0000	22689	0.0000	0.0000	0	0	0	0.0000	0	0.00
chrUn_KI270519v1	0.0000	138126	0.0000	0.0000	0	0	0	0.0000	0	0.00
chrUn_KI270522v1	0.0000	5674	0.0000	0.0000	0	0	0	0.0000	0	0.00
chrUn_KI270511v1	0.0054	8127	0.0000	0.5414	44	1	0	0.5000	0	0.07
chrUn_KI270515v1	0.0000	6361	0.0000	0.0000	0	0	0	0.0000	0	0.00
chrUn_KI270507v1	0.0000	5353	0.0000	0.0000	0	0	0	0.0000	0	0.00
chrUn_KI270517v1	0.0000	3253	0.0000	0.0000	0	0	0	0.0000	0	0.00
chrUn_KI270529v1	0.0000	1899	0.0000	0.0000	0	0	0	0.0000	0	0.00
chrUn_KI270528v1	0.0000	2983	0.0000	0.0000	0	0	0	0.0000	0	0.00
chrUn_KI270530v1	0.0000	2168	0.0000	0.0000	0	0	0	0.0000	0	0.00
chrUn_KI270539v1	0.0000	993	0.0000	0.0000	0	0	0	0.0000	0	0.00
chrUn_KI270538v1	0.0000	91309	0.0000	0.0000	0	0	0	0.0000	0	0.00
chrUn_KI270544v1	0.0000	1202	0.0000	0.0000	0	0	0	0.0000	0	0.00
chrUn_KI270548v1	0.0000	1599	0.0000	0.0000	0	0	0	0.0000	0	0.00
chrUn_KI270583v1	0.0000	1400	0.0000	0.0000	0	0	0	0.0000	0	0.00
chrUn_KI270587v1	0.0000	2969	0.0000	0.0000	0	0	0	0.0000	0	0.00
chrUn_KI270580v1	0.0000	1553	0.0000	0.0000	0	0	0	0.0000	0	0.00
chrUn_KI270581v1	0.0000	7046	0.0000	0.0000	0	0	0	0.0000	0	0.00
chrUn_KI270579v1	0.0000	31033	0.0000	0.0000	0	0	0	0.0000	0	0.00
chrUn_KI270589v1	0.0000	44474	0.0000	0.0000	0	0	0	0.0000	0	0.00
chrUn_KI270590v1	0.0000	4685	0.0000	0.0000	0	0	0	0.0000	0	0.00
chrUn_KI270584v1	0.0000	4513	0.0000	0.0000	0	0	0	0.0000	0	0.00
chrUn_KI270582v1	0.0000	6504	0.0000	0.0000	0	0	0	0.0000	0	0.00
chrUn_KI270588v1	0.0000	6158	0.0000	0.0000	0	0	0	0.0000	0	0.00
chrUn_KI270593v1	0.0000	3041	0.0000	0.0000	0	0	0	0.0000	0	0.00
chrUn_KI270591v1	0.0000	5796	0.0000	0.0000	0	0	0	0.0000	0	0.00
chrUn_KI270330v1	0.0000	1652	0.0000	0.0000	0	0	0	0.0000	0	0.00
chrUn_KI270329v1	0.0000	1040	0.0000	0.0000	0	0	0	0.0000	0	0.00
chrUn_KI270334v1	0.0000	1368	0.0000	0.0000	0	0	0	0.0000	0	0.00
chrUn_KI270333v1	0.0333	2699	0.0000	1.1115	30	0	3	0.2444	0	0.31
chrUn_KI270335v1	0.0000	1048	0.0000	0.0000	0	0	0	0.0000	0	0.00
chrUn_KI270338v1	0.0000	1428	0.0000	0.0000	0	0	0	0.0000	0	0.00
chrUn_KI270340v1	0.0000	1428	0.0000	0.0000	0	0	0	0.0000	0	0.00
chrUn_KI270336v1	0.0000	1026	0.0000	0.0000	0	0	0	0.0000	0	0.00
chrUn_KI270337v1	0.0000	1121	0.0000	0.0000	0	0	0	0.0000	0	0.00
chrUn_KI270363v1	0.0000	1803	0.0000	0.0000	0	0	0	0.0000	0	0.00
chrUn_KI270364v1	0.0000	2855	0.0000	0.0000	0	0	0	0.0000	0	0.00
chrUn_KI270362v1	0.0000	3530	0.0000	0.0000	0	0	0	0.0000	0	0.00
chrUn_KI270366v1	0.0000	8320	0.0000	0.0000	0	0	0	0.0000	0	0.00
chrUn_KI270378v1	0.0000	1048	0.0000	0.0000	0	0	0	0.0000	0	0.00
chrUn_KI270379v1	0.0000	1045	0.0000	0.0000	0	0	0	0.0000	0	0.00
chrUn_KI270389v1	0.0000	1298	0.0000	0.0000	0	0	0	0.0000	0	0.00
chrUn_KI270390v1	0.0000	2387	0.0000	0.0000	0	0	0	0.0000	0	0.00
chrUn_KI270387v1	0.0000	1537	0.0000	0.0000	0	0	0	0.0000	0	0.00
chrUn_KI270395v1	0.0000	1143	0.0000	0.0000	0	0	0	0.0000	0	0.00
chrUn_KI270396v1	0.0000	1880	0.0000	0.0000	0	0	0	0.0000	0	0.00
chrUn_KI270388v1	0.0000	1216	0.0000	0.0000	0	0	0	0.0000	0	0.00
chrUn_KI270394v1	0.0000	970	0.0000	0.0000	0	0	0	0.0000	0	0.00
chrUn_KI270386v1	0.0000	1788	0.0000	0.0000	0	0	0	0.0000	0	0.00
chrUn_KI270391v1	0.0000	1484	0.0000	0.0000	0	0	0	0.0000	0	0.00
chrUn_KI270383v1	0.0000	1750	0.0000	0.0000	0	0	0	0.0000	0	0.00
chrUn_KI270393v1	0.0000	1308	0.0000	0.0000	0	0	0	0.0000	0	0.00
chrUn_KI270384v1	0.0000	1658	0.0000	0.0000	0	0	0	0.0000	0	0.00
chrUn_KI270392v1	0.0000	971	0.0000	0.0000	0	0	0	0.0000	0	0.00
chrUn_KI270381v1	0.0000	1930	0.0000	0.0000	0	0	0	0.0000	0	0.00
chrUn_KI270385v1	0.0000	990	0.0000	0.0000	0	0	0	0.0000	0	0.00
chrUn_KI270382v1	0.0000	4215	0.0000	0.0000	0	0	0	0.0000	0	0.00
chrUn_KI270376v1	0.0000	1136	0.0000	0.0000	0	0	0	0.0000	0	0.00
chrUn_KI270374v1	0.0000	2656	0.0000	0.0000	0	0	0	0.0000	0	0.00
chrUn_KI270372v1	0.0000	1650	0.0000	0.0000	0	0	0	0.0000	0	0.00
chrUn_KI270373v1	0.0000	1451	0.0000	0.0000	0	0	0	0.0000	0	0.00
chrUn_KI270375v1	0.0000	2378	0.0000	0.0000	0	0	0	0.0000	0	0.00
chrUn_KI270371v1	0.0000	2805	0.0000	0.0000	0	0	0	0.0000	0	0.00
chrUn_KI270448v1	0.0055	7992	0.0000	0.5506	44	0	1	0.3636	0	0.07
chrUn_KI270521v1	0.0157	7642	0.0000	1.1384	87	2	1	0.5667	0	0.16
chrUn_GL000195v1	1.1921	182896	0.0000	9.0248	16506	3060	2082	0.5753	0	11.69
chrUn_GL000219v1	1.4300	179198	0.0000	5.1351	9202	2637	3475	0.6396	0	32.60
chrUn_GL000220v1	26.1443	161802	0.0000	25.2339	40829	99087	1919	0.7336	0	630.23
chrUn_GL000224v1	0.0408	179693	0.0000	1.0657	1915	156	18	0.5791	0	0.90
chrUn_KI270741v1	0.0405	157432	0.0000	0.9198	1448	144	8	0.5901	0	0.95
chrUn_GL000226v1	0.0000	15008	0.0000	0.0000	0	0	0	0.0000	0	0.00
chrUn_GL000213v1	0.0036	164239	0.0000	0.2594	426	5	10	0.5398	0	0.08
chrUn_KI270743v1	0.0729	210658	0.0000	1.2736	2683	272	90	0.5967	0	1.53
chrUn_KI270744v1	0.0559	168472	0.0000	1.4097	2375	95	133	0.6247	0	0.88
chrUn_KI270745v1	0.0251	41891	0.0000	1.7283	724	22	3	0.5318	0	0.21
chrUn_KI270746v1	0.0038	66486	0.0000	0.1835	122	5	1	0.4370	0	0.10
chrUn_KI270747v1	0.0025	198735	0.0000	0.0855	170	0	12	0.4681	0	0.10
chrUn_KI270748v1	0.1339	93321	0.0000	2.1624	2018	235	60	0.6564	0	2.32
chrUn_KI270749v1	0.0124	158759	0.0000	0.3691	586	21	27	0.6087	0	0.34
chrUn_KI270750v1	0.0147	148850	0.0000	0.6826	1016	22	31	0.5683	0	0.23
chrUn_KI270751v1	0.0223	150742	0.0000	0.7145	1077	18	62	0.5900	0	0.68
chrUn_KI270752v1	0.0000	27745	0.0000	0.0000	0	0	0	0.0000	0	0.00
chrUn_KI270753v1	0.0042	62944	0.0000	0.2097	132	4	2	0.5795	0	0.10
chrUn_KI270754v1	0.0669	40191	0.0000	1.1918	479	30	34	0.5869	0	1.10
chrUn_KI270755v1	0.0077	36723	0.0000	0.3349	123	6	1	0.5587	0	0.14
chrUn_KI270756v1	0.0000	79590	0.0000	0.0000	0	0	0	0.0000	0	0.00
chrUn_KI270757v1	0.0000	71251	0.0000	0.0000	0	0	0	0.0000	0	0.00
chrUn_GL000214v1	0.0619	137718	0.0000	1.3745	1893	106	95	0.5729	0	1.20
chrUn_KI270742v1	0.2620	186739	0.0000	2.9405	5491	267	873	0.6133	0	6.45
chrUn_GL000216v2	0.0050	176608	0.0000	0.2684	474	12	11	0.5197	0	0.12
chrUn_GL000218v1	0.0669	161147	0.0000	1.1809	1903	135	126	0.6129	0	1.54
chrEBV	10.1395	171823	0.0000	41.8908	71978	35462	6355	0.6230	0	125.71
