#ID	Avg_fold	Length	Ref_GC	Covered_percent	Covered_bases	Plus_reads	Minus_reads	Read_GC	Median_fold	Std_Dev
chr1	1.0668	248956422	0.0000	3.6733	9144880	3083546	3140925	0.5685	0	89.59
chr2	0.5428	242193529	0.0000	2.8375	6872209	1564503	1532037	0.5964	0	20.00
chr3	0.5277	198295559	0.0000	2.7456	5444327	1250292	1212411	0.5980	0	21.20
chr4	0.3546	190214555	0.0000	1.9858	3777229	814313	775075	0.5897	0	14.07
chr5	0.5410	181538259	0.0000	2.6506	4811771	1142533	1173548	0.5989	0	20.76
chr6	0.7572	170805979	0.0000	3.1340	5353038	1590254	1451669	0.5725	0	44.58
chr7	0.6472	159345973	0.0000	3.1307	4988712	1209784	1217210	0.6069	0	29.40
chr8	0.4436	145138636	0.0000	2.4904	3614530	739789	779497	0.5993	0	14.59
chr9	0.5986	138394717	0.0000	2.9372	4064864	989718	961948	0.6093	0	25.53
chr10	0.5800	133797422	0.0000	3.1354	4195108	938706	888869	0.5974	0	17.52
chr11	0.7123	135086622	0.0000	3.2568	4399513	1090531	1175107	0.6041	0	25.59
chr12	0.7719	133275309	0.0000	3.5939	4789721	1228049	1192128	0.5877	0	33.87
chr13	0.3269	114364328	0.0000	1.8092	2069113	426738	455346	0.5926	0	13.29
chr14	0.7144	107043718	0.0000	3.0486	3263322	891331	902619	0.5804	0	63.39
chr15	0.6759	101991189	0.0000	3.2051	3268913	836252	784793	0.5970	0	29.45
chr16	0.9229	90338345	0.0000	4.5686	4127159	973547	990241	0.6228	0	24.69
chr17	2.1823	83257441	0.0000	6.0472	5034770	2086114	2147876	0.5248	0	104.02
chr18	0.3637	80373285	0.0000	2.1625	1738035	340397	348315	0.5987	0	16.34
chr19	1.8890	58617616	0.0000	7.4014	4338528	1393905	1212287	0.6197	0	48.50
chr20	0.7173	64444167	0.0000	3.6500	2352187	563187	526046	0.6147	0	21.10
chr21	1.2102	46709983	0.0000	3.0824	1439794	1029190	355820	0.6247	0	42.54
chr22	0.9019	50818468	0.0000	4.3630	2217217	550726	528848	0.6173	0	24.91
chrX	0.2628	156040895	0.0000	1.7918	2796006	489699	477961	0.5824	0	10.33
chrY	0.0438	57227415	0.0000	0.4332	247911	33289	26177	0.5209	0	2.70
chrM	887.6049	16569	0.0000	99.4085	16471	303233	63563	0.4324	592	1656.67
chr1_KI270706v1_random	0.5171	175055	0.0000	5.2960	9271	996	1121	0.5248	0	9.64
chr1_KI270707v1_random	0.2385	32032	0.0000	6.0752	1946	94	89	0.4805	0	1.29
chr1_KI270708v1_random	0.1188	127682	0.0000	2.1969	2805	162	204	0.4899	0	1.38
chr1_KI270709v1_random	0.0053	66860	0.0000	0.2378	159	5	4	0.4045	0	0.11
chr1_KI270710v1_random	0.0162	40176	0.0000	0.8189	329	10	7	0.4801	0	0.22
chr1_KI270711v1_random	0.1257	42210	0.0000	4.7738	2015	20	107	0.4570	0	0.75
chr1_KI270712v1_random	0.0894	176043	0.0000	1.8211	3206	154	228	0.5903	0	1.45
chr1_KI270713v1_random	144.1113	40745	0.0000	12.2150	4977	5254	129442	0.4864	0	2164.25
chr1_KI270714v1_random	0.5341	41717	0.0000	3.1953	1333	103	427	0.4994	0	6.77
chr2_KI270715v1_random	0.0000	161471	0.0000	0.0000	0	0	0	0.0000	0	0.00
chr2_KI270716v1_random	0.0000	153799	0.0000	0.0000	0	0	0	0.0000	0	0.00
chr3_GL000221v1_random	1.9273	155397	0.0000	8.2447	12812	1743	5249	0.5901	0	37.58
chr4_GL000008v2_random	0.1416	209709	0.0000	3.2159	6744	499	216	0.5230	0	1.52
chr5_GL000208v1_random	0.0000	92689	0.0000	0.0000	0	0	0	0.0000	0	0.00
chr9_KI270717v1_random	0.0598	40062	0.0000	2.0393	817	18	37	0.5475	0	0.48
chr9_KI270718v1_random	5.4860	38054	0.0000	12.1039	4606	508	4326	0.6401	0	83.08
chr9_KI270719v1_random	0.6415	176845	0.0000	4.2676	7547	1550	1160	0.6219	0	6.91
chr9_KI270720v1_random	0.1058	39050	0.0000	3.1216	1219	31	71	0.3854	0	0.74
chr11_KI270721v1_random	0.5517	100316	0.0000	3.5388	3550	1116	185	0.6882	0	15.77
chr14_GL000009v2_random	0.1144	201709	0.0000	3.0043	6060	251	302	0.4991	0	1.17
chr14_GL000225v1_random	0.0156	211173	0.0000	0.4821	1018	57	22	0.5328	0	0.28
chr14_KI270722v1_random	0.0955	194050	0.0000	1.9990	3879	185	264	0.4977	0	1.13
chr14_GL000194v1_random	0.2644	191469	0.0000	3.5520	6801	480	726	0.5628	0	3.50
chr14_KI270723v1_random	0.2511	38115	0.0000	3.1457	1199	67	160	0.4950	0	2.22
chr14_KI270724v1_random	0.3409	39555	0.0000	2.5888	1024	147	170	0.5207	0	3.92
chr14_KI270725v1_random	0.0081	172810	0.0000	0.3866	668	14	19	0.4851	0	0.15
chr14_KI270726v1_random	3.0348	43739	0.0000	15.9583	6980	1176	1916	0.4845	0	32.82
chr15_KI270727v1_random	0.0664	448248	0.0000	1.1714	5251	293	403	0.5495	0	1.00
chr16_KI270728v1_random	0.0679	1872759	0.0000	1.0324	19335	1221	1832	0.5206	0	1.47
chr17_GL000205v2_random	10.0742	185591	0.0000	18.8134	34916	22388	21905	0.5337	0	75.29
chr17_KI270729v1_random	0.0023	280839	0.0000	0.0944	265	9	6	0.5023	0	0.10
chr17_KI270730v1_random	0.0000	112551	0.0000	0.0000	0	0	0	0.0000	0	0.00
chr22_KI270731v1_random	0.2812	150754	0.0000	3.3843	5102	438	567	0.6165	0	5.13
chr22_KI270732v1_random	0.0038	41543	0.0000	0.1974	82	4	0	0.3797	0	0.10
chr22_KI270733v1_random	78.5383	179772	0.0000	27.7079	49811	352406	5955	0.6655	0	497.12
chr22_KI270734v1_random	0.4339	165050	0.0000	3.3899	5595	673	1007	0.6451	0	9.12
chr22_KI270735v1_random	0.0030	42811	0.0000	0.1028	44	0	3	0.6515	0	0.09
chr22_KI270736v1_random	0.0040	181920	0.0000	0.1396	254	5	12	0.4552	0	0.13
chr22_KI270737v1_random	0.0030	103838	0.0000	0.1050	109	7	1	0.3955	0	0.11
chr22_KI270738v1_random	0.0065	99375	0.0000	0.2184	217	15	0	0.3318	0	0.16
chr22_KI270739v1_random	0.0081	73985	0.0000	0.3203	237	9	5	0.4042	0	0.17
chrY_KI270740v1_random	0.0000	37240	0.0000	0.0000	0	0	0	0.0000	0	0.00
chrUn_KI270302v1	0.0000	2274	0.0000	0.0000	0	0	0	0.0000	0	0.00
chrUn_KI270304v1	0.0000	2165	0.0000	0.0000	0	0	0	0.0000	0	0.00
chrUn_KI270303v1	0.0000	1942	0.0000	0.0000	0	0	0	0.0000	0	0.00
chrUn_KI270305v1	0.0000	1472	0.0000	0.0000	0	0	0	0.0000	0	0.00
chrUn_KI270322v1	0.0000	21476	0.0000	0.0000	0	0	0	0.0000	0	0.00
chrUn_KI270320v1	0.0000	4416	0.0000	0.0000	0	0	0	0.0000	0	0.00
chrUn_KI270310v1	0.0000	1201	0.0000	0.0000	0	0	0	0.0000	0	0.00
chrUn_KI270316v1	0.0000	1444	0.0000	0.0000	0	0	0	0.0000	0	0.00
chrUn_KI270315v1	0.0000	2276	0.0000	0.0000	0	0	0	0.0000	0	0.00
chrUn_KI270312v1	0.0000	998	0.0000	0.0000	0	0	0	0.0000	0	0.00
chrUn_KI270311v1	0.0000	12399	0.0000	0.0000	0	0	0	0.0000	0	0.00
chrUn_KI270317v1	0.0000	37690	0.0000	0.0000	0	0	0	0.0000	0	0.00
chrUn_KI270412v1	0.0000	1179	0.0000	0.0000	0	0	0	0.0000	0	0.00
chrUn_KI270411v1	0.0166	2646	0.0000	1.6629	44	0	1	0.3636	0	0.13
chrUn_KI270414v1	0.0000	2489	0.0000	0.0000	0	0	0	0.0000	0	0.00
chrUn_KI270419v1	0.0000	1029	0.0000	0.0000	0	0	0	0.0000	0	0.00
chrUn_KI270418v1	0.0000	2145	0.0000	0.0000	0	0	0	0.0000	0	0.00
chrUn_KI270420v1	0.0000	2321	0.0000	0.0000	0	0	0	0.0000	0	0.00
chrUn_KI270424v1	0.0000	2140	0.0000	0.0000	0	0	0	0.0000	0	0.00
chrUn_KI270417v1	0.0000	2043	0.0000	0.0000	0	0	0	0.0000	0	0.00
chrUn_KI270422v1	0.0609	1445	0.0000	3.0450	44	2	0	0.3409	0	0.34
chrUn_KI270423v1	0.0000	981	0.0000	0.0000	0	0	0	0.0000	0	0.00
chrUn_KI270425v1	0.0000	1884	0.0000	0.0000	0	0	0	0.0000	0	0.00
chrUn_KI270429v1	0.0000	1361	0.0000	0.0000	0	0	0	0.0000	0	0.00
chrUn_KI270442v1	0.7676	392061	0.0000	1.5885	6228	2188	5195	0.6025	0	19.49
chrUn_KI270466v1	0.0000	1233	0.0000	0.0000	0	0	0	0.0000	0	0.00
chrUn_KI270465v1	0.0000	1774	0.0000	0.0000	0	0	0	0.0000	0	0.00
chrUn_KI270467v1	0.0000	3920	0.0000	0.0000	0	0	0	0.0000	0	0.00
chrUn_KI270435v1	0.0009	92983	0.0000	0.0871	81	2	0	0.4444	0	0.03
chrUn_KI270438v1	0.0027	112505	0.0000	0.0676	76	8	0	0.3158	0	0.10
chrUn_KI270468v1	0.0000	4055	0.0000	0.0000	0	0	0	0.0000	0	0.00
chrUn_KI270510v1	0.0000	2415	0.0000	0.0000	0	0	0	0.0000	0	0.00
chrUn_KI270509v1	0.0000	2318	0.0000	0.0000	0	0	0	0.0000	0	0.00
chrUn_KI270518v1	0.0000	2186	0.0000	0.0000	0	0	0	0.0000	0	0.00
chrUn_KI270508v1	0.0000	1951	0.0000	0.0000	0	0	0	0.0000	0	0.00
chrUn_KI270516v1	0.0000	1300	0.0000	0.0000	0	0	0	0.0000	0	0.00
chrUn_KI270512v1	0.0086	22689	0.0000	0.5289	120	2	3	0.4286	0	0.12
chrUn_KI270519v1	0.0025	138126	0.0000	0.1252	173	1	7	0.4212	0	0.08
chrUn_KI270522v1	0.0078	5674	0.0000	0.7755	44	1	0	0.3864	0	0.09
chrUn_KI270511v1	0.0000	8127	0.0000	0.0000	0	0	0	0.0000	0	0.00
chrUn_KI270515v1	0.0000	6361	0.0000	0.0000	0	0	0	0.0000	0	0.00
chrUn_KI270507v1	0.0247	5353	0.0000	0.8220	44	0	3	0.3182	0	0.27
chrUn_KI270517v1	0.0000	3253	0.0000	0.0000	0	0	0	0.0000	0	0.00
chrUn_KI270529v1	0.0000	1899	0.0000	0.0000	0	0	0	0.0000	0	0.00
chrUn_KI270528v1	0.0000	2983	0.0000	0.0000	0	0	0	0.0000	0	0.00
chrUn_KI270530v1	0.0000	2168	0.0000	0.0000	0	0	0	0.0000	0	0.00
chrUn_KI270539v1	0.0000	993	0.0000	0.0000	0	0	0	0.0000	0	0.00
chrUn_KI270538v1	0.0005	91309	0.0000	0.0471	43	1	0	0.3864	0	0.02
chrUn_KI270544v1	0.2562	1202	0.0000	3.6606	44	7	0	0.4318	0	1.31
chrUn_KI270548v1	0.0000	1599	0.0000	0.0000	0	0	0	0.0000	0	0.00
chrUn_KI270583v1	0.0000	1400	0.0000	0.0000	0	0	0	0.0000	0	0.00
chrUn_KI270587v1	0.0000	2969	0.0000	0.0000	0	0	0	0.0000	0	0.00
chrUn_KI270580v1	0.0000	1553	0.0000	0.0000	0	0	0	0.0000	0	0.00
chrUn_KI270581v1	0.0045	7046	0.0000	0.4542	32	1	0	0.5000	0	0.07
chrUn_KI270579v1	0.0000	31033	0.0000	0.0000	0	0	0	0.0000	0	0.00
chrUn_KI270589v1	0.0095	44474	0.0000	0.2631	117	0	12	0.4672	0	0.22
chrUn_KI270590v1	0.0000	4685	0.0000	0.0000	0	0	0	0.0000	0	0.00
chrUn_KI270584v1	0.0000	4513	0.0000	0.0000	0	0	0	0.0000	0	0.00
chrUn_KI270582v1	0.0000	6504	0.0000	0.0000	0	0	0	0.0000	0	0.00
chrUn_KI270588v1	0.0000	6158	0.0000	0.0000	0	0	0	0.0000	0	0.00
chrUn_KI270593v1	0.0000	3041	0.0000	0.0000	0	0	0	0.0000	0	0.00
chrUn_KI270591v1	0.0000	5796	0.0000	0.0000	0	0	0	0.0000	0	0.00
chrUn_KI270330v1	0.3317	1652	0.0000	7.9903	132	0	14	0.4635	0	1.45
chrUn_KI270329v1	0.0000	1040	0.0000	0.0000	0	0	0	0.0000	0	0.00
chrUn_KI270334v1	0.0000	1368	0.0000	0.0000	0	0	0	0.0000	0	0.00
chrUn_KI270333v1	0.0000	2699	0.0000	0.0000	0	0	0	0.0000	0	0.00
chrUn_KI270335v1	0.0000	1048	0.0000	0.0000	0	0	0	0.0000	0	0.00
chrUn_KI270338v1	0.0000	1428	0.0000	0.0000	0	0	0	0.0000	0	0.00
chrUn_KI270340v1	0.0000	1428	0.0000	0.0000	0	0	0	0.0000	0	0.00
chrUn_KI270336v1	0.0000	1026	0.0000	0.0000	0	0	0	0.0000	0	0.00
chrUn_KI270337v1	0.0000	1121	0.0000	0.0000	0	0	0	0.0000	0	0.00
chrUn_KI270363v1	0.0000	1803	0.0000	0.0000	0	0	0	0.0000	0	0.00
chrUn_KI270364v1	0.0000	2855	0.0000	0.0000	0	0	0	0.0000	0	0.00
chrUn_KI270362v1	0.0000	3530	0.0000	0.0000	0	0	0	0.0000	0	0.00
chrUn_KI270366v1	0.0000	8320	0.0000	0.0000	0	0	0	0.0000	0	0.00
chrUn_KI270378v1	0.0000	1048	0.0000	0.0000	0	0	0	0.0000	0	0.00
chrUn_KI270379v1	0.0000	1045	0.0000	0.0000	0	0	0	0.0000	0	0.00
chrUn_KI270389v1	0.0000	1298	0.0000	0.0000	0	0	0	0.0000	0	0.00
chrUn_KI270390v1	0.0000	2387	0.0000	0.0000	0	0	0	0.0000	0	0.00
chrUn_KI270387v1	0.0000	1537	0.0000	0.0000	0	0	0	0.0000	0	0.00
chrUn_KI270395v1	0.0000	1143	0.0000	0.0000	0	0	0	0.0000	0	0.00
chrUn_KI270396v1	0.0000	1880	0.0000	0.0000	0	0	0	0.0000	0	0.00
chrUn_KI270388v1	0.0000	1216	0.0000	0.0000	0	0	0	0.0000	0	0.00
chrUn_KI270394v1	0.0000	970	0.0000	0.0000	0	0	0	0.0000	0	0.00
chrUn_KI270386v1	0.0000	1788	0.0000	0.0000	0	0	0	0.0000	0	0.00
chrUn_KI270391v1	0.0000	1484	0.0000	0.0000	0	0	0	0.0000	0	0.00
chrUn_KI270383v1	0.0000	1750	0.0000	0.0000	0	0	0	0.0000	0	0.00
chrUn_KI270393v1	0.0000	1308	0.0000	0.0000	0	0	0	0.0000	0	0.00
chrUn_KI270384v1	0.0000	1658	0.0000	0.0000	0	0	0	0.0000	0	0.00
chrUn_KI270392v1	0.0000	971	0.0000	0.0000	0	0	0	0.0000	0	0.00
chrUn_KI270381v1	0.0000	1930	0.0000	0.0000	0	0	0	0.0000	0	0.00
chrUn_KI270385v1	0.0000	990	0.0000	0.0000	0	0	0	0.0000	0	0.00
chrUn_KI270382v1	0.0000	4215	0.0000	0.0000	0	0	0	0.0000	0	0.00
chrUn_KI270376v1	0.0000	1136	0.0000	0.0000	0	0	0	0.0000	0	0.00
chrUn_KI270374v1	0.0000	2656	0.0000	0.0000	0	0	0	0.0000	0	0.00
chrUn_KI270372v1	0.0000	1650	0.0000	0.0000	0	0	0	0.0000	0	0.00
chrUn_KI270373v1	0.0000	1451	0.0000	0.0000	0	0	0	0.0000	0	0.00
chrUn_KI270375v1	0.0000	2378	0.0000	0.0000	0	0	0	0.0000	0	0.00
chrUn_KI270371v1	0.0000	2805	0.0000	0.0000	0	0	0	0.0000	0	0.00
chrUn_KI270448v1	0.0275	7992	0.0000	0.5506	44	0	5	0.2909	0	0.37
chrUn_KI270521v1	0.0514	7642	0.0000	1.6880	129	3	6	0.4470	0	0.45
chrUn_GL000195v1	5.1045	182896	0.0000	20.5117	37515	13324	8811	0.5493	0	41.50
chrUn_GL000219v1	2.5562	179198	0.0000	7.4398	13332	4373	6583	0.6046	0	46.58
chrUn_GL000220v1	83.0659	161802	0.0000	29.5800	47861	336433	5882	0.6653	0	441.79
chrUn_GL000224v1	0.1589	179693	0.0000	3.7213	6687	533	161	0.4994	0	2.16
chrUn_KI270741v1	0.0979	157432	0.0000	2.0980	3303	335	43	0.5220	0	2.12
chrUn_GL000226v1	0.0000	15008	0.0000	0.0000	0	0	0	0.0000	0	0.00
chrUn_GL000213v1	0.0203	164239	0.0000	0.5882	966	42	43	0.5552	0	0.33
chrUn_KI270743v1	0.3837	210658	0.0000	3.8014	8008	1348	566	0.5412	0	8.58
chrUn_KI270744v1	0.1611	168472	0.0000	3.3062	5570	340	324	0.5282	0	1.61
chrUn_KI270745v1	0.1826	41891	0.0000	7.3094	3062	171	17	0.4881	0	1.02
chrUn_KI270746v1	0.0219	66486	0.0000	0.8468	563	24	13	0.3951	0	0.27
chrUn_KI270747v1	0.0042	198735	0.0000	0.1771	352	7	12	0.4725	0	0.13
chrUn_KI270748v1	0.1875	93321	0.0000	2.6607	2483	294	115	0.6103	0	2.47
chrUn_KI270749v1	0.0225	158759	0.0000	0.2954	469	29	59	0.6105	0	0.88
chrUn_KI270750v1	0.0313	148850	0.0000	0.6080	905	41	69	0.5628	0	0.59
chrUn_KI270751v1	0.1016	150742	0.0000	2.5773	3885	122	249	0.4766	0	1.10
chrUn_KI270752v1	0.0034	27745	0.0000	0.0865	24	4	0	0.5600	0	0.12
chrUn_KI270753v1	0.0165	62944	0.0000	0.6450	406	14	10	0.5153	0	0.24
chrUn_KI270754v1	0.2146	40191	0.0000	1.4580	586	95	114	0.5797	0	3.23
chrUn_KI270755v1	0.0116	36723	0.0000	0.2560	94	6	4	0.5093	0	0.24
chrUn_KI270756v1	0.0000	79590	0.0000	0.0000	0	0	0	0.0000	0	0.00
chrUn_KI270757v1	0.0019	71251	0.0000	0.0618	44	3	0	0.5682	0	0.07
chrUn_GL000214v1	0.5289	137718	0.0000	4.1207	5675	564	1168	0.5654	0	12.02
chrUn_KI270742v1	1.6838	186739	0.0000	7.3638	13751	2189	5145	0.5840	0	35.35
chrUn_GL000216v2	0.0113	176608	0.0000	0.4411	779	14	35	0.4732	0	0.18
chrUn_GL000218v1	0.2177	161147	0.0000	3.0041	4841	465	368	0.5468	0	3.31
chrEBV	24.3591	171823	0.0000	58.2361	100063	72994	27803	0.6286	2	259.23
