#ID	Avg_fold	Length	Ref_GC	Covered_percent	Covered_bases	Plus_reads	Minus_reads	Read_GC	Median_fold	Std_Dev
chr1	1.0007	248956422	0.0000	3.3552	8353082	2870276	3001605	0.5859	0	87.73
chr2	0.5084	242193529	0.0000	2.6057	6310850	1476616	1444994	0.6210	0	21.27
chr3	0.4959	198295559	0.0000	2.5274	5011790	1177405	1155156	0.6222	0	22.74
chr4	0.3185	190214555	0.0000	1.7302	3291084	735335	704328	0.6179	0	13.55
chr5	0.5167	181538259	0.0000	2.4082	4371714	1106377	1122530	0.6289	0	22.44
chr6	0.6758	170805979	0.0000	2.8101	4799865	1446116	1291597	0.5929	0	43.32
chr7	0.5924	159345973	0.0000	2.8866	4599734	1125112	1112585	0.6304	0	27.02
chr8	0.4103	145138636	0.0000	2.2174	3218286	702516	713532	0.6293	0	15.14
chr9	0.5675	138394717	0.0000	2.6953	3730198	941986	920604	0.6344	0	29.09
chr10	0.5289	133797422	0.0000	2.7955	3740339	868784	809517	0.6252	0	17.76
chr11	0.6693	135086622	0.0000	2.9595	3997909	1018927	1123236	0.6284	0	28.59
chr12	0.7108	133275309	0.0000	3.3047	4404356	1130624	1116171	0.6113	0	36.54
chr13	0.2962	114364328	0.0000	1.6363	1871353	391444	414615	0.6212	0	13.14
chr14	0.6813	107043718	0.0000	2.8503	3051024	864542	857042	0.5964	0	63.96
chr15	0.6311	101991189	0.0000	2.9987	3058361	787431	737765	0.6225	0	26.89
chr16	0.8974	90338345	0.0000	4.3146	3897770	958475	960793	0.6474	0	25.98
chr17	1.8519	83257441	0.0000	5.8600	4878845	1729063	1897253	0.5646	0	105.18
chr18	0.3291	80373285	0.0000	1.8896	1518706	314229	314051	0.6275	0	18.31
chr19	1.8547	58617616	0.0000	7.5233	4409990	1378111	1195563	0.6363	0	48.18
chr20	0.6977	64444167	0.0000	3.4315	2211427	559211	506023	0.6392	0	24.31
chr21	1.1483	46709983	0.0000	2.7677	1292810	964263	315637	0.6727	0	129.03
chr22	0.8699	50818468	0.0000	4.2127	2140823	518387	529149	0.6384	0	24.42
chrX	0.2529	156040895	0.0000	1.6520	2577782	484493	455009	0.6094	0	11.94
chrY	0.0064	57227415	0.0000	0.1284	73467	4951	4292	0.5339	0	0.64
chrM	535.2470	16569	0.0000	99.8491	16544	179577	47053	0.4383	336	1206.28
chr1_KI270706v1_random	0.1096	175055	0.0000	2.7791	4865	309	155	0.4876	0	1.03
chr1_KI270707v1_random	0.0990	32032	0.0000	2.7067	867	27	50	0.5050	0	0.73
chr1_KI270708v1_random	0.0402	127682	0.0000	1.3267	1694	66	59	0.4704	0	0.48
chr1_KI270709v1_random	0.0039	66860	0.0000	0.1316	88	6	0	0.3295	0	0.11
chr1_KI270710v1_random	0.0154	40176	0.0000	0.5351	215	17	0	0.4660	0	0.24
chr1_KI270711v1_random	0.0970	42210	0.0000	3.6508	1541	5	96	0.4791	0	0.58
chr1_KI270712v1_random	0.1050	176043	0.0000	1.6388	2885	264	184	0.5938	0	1.57
chr1_KI270713v1_random	157.2329	40745	0.0000	11.8223	4817	2183	144377	0.4842	0	2157.77
chr1_KI270714v1_random	0.3273	41717	0.0000	3.1881	1330	71	272	0.5368	0	3.73
chr2_KI270715v1_random	0.0000	161471	0.0000	0.0000	0	0	0	0.0000	0	0.00
chr2_KI270716v1_random	0.0000	153799	0.0000	0.0000	0	0	0	0.0000	0	0.00
chr3_GL000221v1_random	0.5266	155397	0.0000	3.6712	5705	511	1408	0.6020	0	10.67
chr4_GL000008v2_random	0.0907	209709	0.0000	1.7901	3754	354	111	0.5873	0	1.62
chr5_GL000208v1_random	0.0014	92689	0.0000	0.0464	43	0	3	0.5227	0	0.06
chr9_KI270717v1_random	0.1031	40062	0.0000	2.6209	1050	10	92	0.5052	0	0.85
chr9_KI270718v1_random	5.1093	38054	0.0000	12.1406	4620	542	3995	0.6387	0	77.47
chr9_KI270719v1_random	0.7912	176845	0.0000	4.9959	8835	1826	1547	0.6414	0	7.28
chr9_KI270720v1_random	0.0424	39050	0.0000	1.7465	682	13	29	0.4448	0	0.37
chr11_KI270721v1_random	0.5840	100316	0.0000	3.3564	3367	1204	178	0.6989	0	16.51
chr14_GL000009v2_random	0.0953	201709	0.0000	1.9796	3993	201	271	0.5396	0	1.46
chr14_GL000225v1_random	0.0209	211173	0.0000	0.5474	1156	41	74	0.5736	0	0.38
chr14_KI270722v1_random	0.0486	194050	0.0000	1.2878	2499	126	111	0.4912	0	0.61
chr14_GL000194v1_random	0.3429	191469	0.0000	3.5264	6752	427	1145	0.6031	0	5.84
chr14_KI270723v1_random	0.1781	38115	0.0000	3.1116	1186	62	106	0.5287	0	1.80
chr14_KI270724v1_random	0.2459	39555	0.0000	2.3486	929	101	137	0.5424	0	3.13
chr14_KI270725v1_random	0.0305	172810	0.0000	0.6932	1198	36	89	0.5936	0	0.75
chr14_KI270726v1_random	0.5317	43739	0.0000	5.7363	2509	400	157	0.4839	0	7.42
chr15_KI270727v1_random	0.0582	448248	0.0000	1.0354	4641	219	407	0.6010	0	1.05
chr16_KI270728v1_random	0.0433	1872759	0.0000	0.8360	15656	788	1200	0.5543	0	1.10
chr17_GL000205v2_random	6.8361	185591	0.0000	14.5821	27063	15319	14962	0.5525	0	54.57
chr17_KI270729v1_random	0.0023	280839	0.0000	0.1047	294	3	12	0.6185	0	0.11
chr17_KI270730v1_random	0.0028	112551	0.0000	0.1102	124	0	10	0.5854	0	0.09
chr22_KI270731v1_random	0.2680	150754	0.0000	2.7940	4212	423	549	0.6180	0	4.80
chr22_KI270732v1_random	0.0081	41543	0.0000	0.2576	107	4	5	0.5672	0	0.18
chr22_KI270733v1_random	81.2165	179772	0.0000	24.8537	44680	343870	4924	0.7169	0	1457.04
chr22_KI270734v1_random	0.5172	165050	0.0000	3.3105	5464	814	1200	0.6545	0	10.33
chr22_KI270735v1_random	0.0041	42811	0.0000	0.2359	101	2	2	0.6193	0	0.10
chr22_KI270736v1_random	0.0000	181920	0.0000	0.0000	0	0	0	0.0000	0	0.00
chr22_KI270737v1_random	0.0019	103838	0.0000	0.1156	120	3	2	0.3265	0	0.06
chr22_KI270738v1_random	0.0009	99375	0.0000	0.0594	59	3	0	0.6667	0	0.04
chr22_KI270739v1_random	0.0012	73985	0.0000	0.0595	44	0	2	0.3636	0	0.05
chrY_KI270740v1_random	0.0032	37240	0.0000	0.1182	44	0	3	0.5289	0	0.10
chrUn_KI270302v1	0.0000	2274	0.0000	0.0000	0	0	0	0.0000	0	0.00
chrUn_KI270304v1	0.0000	2165	0.0000	0.0000	0	0	0	0.0000	0	0.00
chrUn_KI270303v1	0.0453	1942	0.0000	2.2657	44	2	0	0.3409	0	0.30
chrUn_KI270305v1	0.0000	1472	0.0000	0.0000	0	0	0	0.0000	0	0.00
chrUn_KI270322v1	0.0000	21476	0.0000	0.0000	0	0	0	0.0000	0	0.00
chrUn_KI270320v1	0.0000	4416	0.0000	0.0000	0	0	0	0.0000	0	0.00
chrUn_KI270310v1	0.0000	1201	0.0000	0.0000	0	0	0	0.0000	0	0.00
chrUn_KI270316v1	0.0000	1444	0.0000	0.0000	0	0	0	0.0000	0	0.00
chrUn_KI270315v1	0.0000	2276	0.0000	0.0000	0	0	0	0.0000	0	0.00
chrUn_KI270312v1	0.0000	998	0.0000	0.0000	0	0	0	0.0000	0	0.00
chrUn_KI270311v1	0.0000	12399	0.0000	0.0000	0	0	0	0.0000	0	0.00
chrUn_KI270317v1	0.0000	37690	0.0000	0.0000	0	0	0	0.0000	0	0.00
chrUn_KI270412v1	0.0000	1179	0.0000	0.0000	0	0	0	0.0000	0	0.00
chrUn_KI270411v1	0.0000	2646	0.0000	0.0000	0	0	0	0.0000	0	0.00
chrUn_KI270414v1	0.0000	2489	0.0000	0.0000	0	0	0	0.0000	0	0.00
chrUn_KI270419v1	0.0000	1029	0.0000	0.0000	0	0	0	0.0000	0	0.00
chrUn_KI270418v1	0.0000	2145	0.0000	0.0000	0	0	0	0.0000	0	0.00
chrUn_KI270420v1	0.0000	2321	0.0000	0.0000	0	0	0	0.0000	0	0.00
chrUn_KI270424v1	0.0000	2140	0.0000	0.0000	0	0	0	0.0000	0	0.00
chrUn_KI270417v1	0.0000	2043	0.0000	0.0000	0	0	0	0.0000	0	0.00
chrUn_KI270422v1	0.0000	1445	0.0000	0.0000	0	0	0	0.0000	0	0.00
chrUn_KI270423v1	0.0000	981	0.0000	0.0000	0	0	0	0.0000	0	0.00
chrUn_KI270425v1	0.0000	1884	0.0000	0.0000	0	0	0	0.0000	0	0.00
chrUn_KI270429v1	0.0000	1361	0.0000	0.0000	0	0	0	0.0000	0	0.00
chrUn_KI270442v1	0.4854	392061	0.0000	1.2756	5001	1341	3291	0.6238	0	14.91
chrUn_KI270466v1	0.1655	1233	0.0000	2.7575	34	0	6	0.2647	0	0.98
chrUn_KI270465v1	0.0000	1774	0.0000	0.0000	0	0	0	0.0000	0	0.00
chrUn_KI270467v1	0.0112	3920	0.0000	1.1224	44	1	0	0.2500	0	0.11
chrUn_KI270435v1	0.0047	92983	0.0000	0.2119	197	10	1	0.4498	0	0.12
chrUn_KI270438v1	0.0007	112505	0.0000	0.0240	27	3	0	0.4074	0	0.05
chrUn_KI270468v1	0.0000	4055	0.0000	0.0000	0	0	0	0.0000	0	0.00
chrUn_KI270510v1	0.0000	2415	0.0000	0.0000	0	0	0	0.0000	0	0.00
chrUn_KI270509v1	0.0000	2318	0.0000	0.0000	0	0	0	0.0000	0	0.00
chrUn_KI270518v1	0.0000	2186	0.0000	0.0000	0	0	0	0.0000	0	0.00
chrUn_KI270508v1	0.0349	1951	0.0000	1.7427	34	2	0	0.2941	0	0.26
chrUn_KI270516v1	0.0000	1300	0.0000	0.0000	0	0	0	0.0000	0	0.00
chrUn_KI270512v1	0.0039	22689	0.0000	0.1939	44	2	0	0.2955	0	0.09
chrUn_KI270519v1	0.0026	138126	0.0000	0.1361	188	7	3	0.4044	0	0.08
chrUn_KI270522v1	0.0000	5674	0.0000	0.0000	0	0	0	0.0000	0	0.00
chrUn_KI270511v1	0.0000	8127	0.0000	0.0000	0	0	0	0.0000	0	0.00
chrUn_KI270515v1	0.0000	6361	0.0000	0.0000	0	0	0	0.0000	0	0.00
chrUn_KI270507v1	0.0000	5353	0.0000	0.0000	0	0	0	0.0000	0	0.00
chrUn_KI270517v1	0.0000	3253	0.0000	0.0000	0	0	0	0.0000	0	0.00
chrUn_KI270529v1	0.0000	1899	0.0000	0.0000	0	0	0	0.0000	0	0.00
chrUn_KI270528v1	0.0000	2983	0.0000	0.0000	0	0	0	0.0000	0	0.00
chrUn_KI270530v1	0.0000	2168	0.0000	0.0000	0	0	0	0.0000	0	0.00
chrUn_KI270539v1	0.0524	993	0.0000	2.6183	26	2	0	0.8077	0	0.32
chrUn_KI270538v1	0.0005	91309	0.0000	0.0482	44	0	1	0.3182	0	0.02
chrUn_KI270544v1	0.1805	1202	0.0000	2.5790	31	7	0	0.4839	0	1.11
chrUn_KI270548v1	0.0000	1599	0.0000	0.0000	0	0	0	0.0000	0	0.00
chrUn_KI270583v1	0.0000	1400	0.0000	0.0000	0	0	0	0.0000	0	0.00
chrUn_KI270587v1	0.0000	2969	0.0000	0.0000	0	0	0	0.0000	0	0.00
chrUn_KI270580v1	0.0657	1553	0.0000	2.1893	34	3	0	0.2941	0	0.44
chrUn_KI270581v1	0.0375	7046	0.0000	0.6245	44	6	0	0.5909	0	0.47
chrUn_KI270579v1	0.0000	31033	0.0000	0.0000	0	0	0	0.0000	0	0.00
chrUn_KI270589v1	0.0000	44474	0.0000	0.0000	0	0	0	0.0000	0	0.00
chrUn_KI270590v1	0.0000	4685	0.0000	0.0000	0	0	0	0.0000	0	0.00
chrUn_KI270584v1	0.0000	4513	0.0000	0.0000	0	0	0	0.0000	0	0.00
chrUn_KI270582v1	0.0000	6504	0.0000	0.0000	0	0	0	0.0000	0	0.00
chrUn_KI270588v1	0.0000	6158	0.0000	0.0000	0	0	0	0.0000	0	0.00
chrUn_KI270593v1	0.0000	3041	0.0000	0.0000	0	0	0	0.0000	0	0.00
chrUn_KI270591v1	0.0000	5796	0.0000	0.0000	0	0	0	0.0000	0	0.00
chrUn_KI270330v1	0.0000	1652	0.0000	0.0000	0	0	0	0.0000	0	0.00
chrUn_KI270329v1	0.0000	1040	0.0000	0.0000	0	0	0	0.0000	0	0.00
chrUn_KI270334v1	0.0000	1368	0.0000	0.0000	0	0	0	0.0000	0	0.00
chrUn_KI270333v1	0.0000	2699	0.0000	0.0000	0	0	0	0.0000	0	0.00
chrUn_KI270335v1	0.0000	1048	0.0000	0.0000	0	0	0	0.0000	0	0.00
chrUn_KI270338v1	0.0000	1428	0.0000	0.0000	0	0	0	0.0000	0	0.00
chrUn_KI270340v1	0.0000	1428	0.0000	0.0000	0	0	0	0.0000	0	0.00
chrUn_KI270336v1	0.0000	1026	0.0000	0.0000	0	0	0	0.0000	0	0.00
chrUn_KI270337v1	0.0000	1121	0.0000	0.0000	0	0	0	0.0000	0	0.00
chrUn_KI270363v1	0.0000	1803	0.0000	0.0000	0	0	0	0.0000	0	0.00
chrUn_KI270364v1	0.0000	2855	0.0000	0.0000	0	0	0	0.0000	0	0.00
chrUn_KI270362v1	0.0000	3530	0.0000	0.0000	0	0	0	0.0000	0	0.00
chrUn_KI270366v1	0.0000	8320	0.0000	0.0000	0	0	0	0.0000	0	0.00
chrUn_KI270378v1	0.0000	1048	0.0000	0.0000	0	0	0	0.0000	0	0.00
chrUn_KI270379v1	0.0000	1045	0.0000	0.0000	0	0	0	0.0000	0	0.00
chrUn_KI270389v1	0.0000	1298	0.0000	0.0000	0	0	0	0.0000	0	0.00
chrUn_KI270390v1	0.0000	2387	0.0000	0.0000	0	0	0	0.0000	0	0.00
chrUn_KI270387v1	0.0000	1537	0.0000	0.0000	0	0	0	0.0000	0	0.00
chrUn_KI270395v1	0.0000	1143	0.0000	0.0000	0	0	0	0.0000	0	0.00
chrUn_KI270396v1	0.0000	1880	0.0000	0.0000	0	0	0	0.0000	0	0.00
chrUn_KI270388v1	0.0000	1216	0.0000	0.0000	0	0	0	0.0000	0	0.00
chrUn_KI270394v1	0.0000	970	0.0000	0.0000	0	0	0	0.0000	0	0.00
chrUn_KI270386v1	0.0000	1788	0.0000	0.0000	0	0	0	0.0000	0	0.00
chrUn_KI270391v1	0.0000	1484	0.0000	0.0000	0	0	0	0.0000	0	0.00
chrUn_KI270383v1	0.0000	1750	0.0000	0.0000	0	0	0	0.0000	0	0.00
chrUn_KI270393v1	0.0000	1308	0.0000	0.0000	0	0	0	0.0000	0	0.00
chrUn_KI270384v1	0.0000	1658	0.0000	0.0000	0	0	0	0.0000	0	0.00
chrUn_KI270392v1	0.0000	971	0.0000	0.0000	0	0	0	0.0000	0	0.00
chrUn_KI270381v1	0.0000	1930	0.0000	0.0000	0	0	0	0.0000	0	0.00
chrUn_KI270385v1	0.0000	990	0.0000	0.0000	0	0	0	0.0000	0	0.00
chrUn_KI270382v1	0.0000	4215	0.0000	0.0000	0	0	0	0.0000	0	0.00
chrUn_KI270376v1	0.0000	1136	0.0000	0.0000	0	0	0	0.0000	0	0.00
chrUn_KI270374v1	0.0000	2656	0.0000	0.0000	0	0	0	0.0000	0	0.00
chrUn_KI270372v1	0.0000	1650	0.0000	0.0000	0	0	0	0.0000	0	0.00
chrUn_KI270373v1	0.0000	1451	0.0000	0.0000	0	0	0	0.0000	0	0.00
chrUn_KI270375v1	0.0000	2378	0.0000	0.0000	0	0	0	0.0000	0	0.00
chrUn_KI270371v1	0.0000	2805	0.0000	0.0000	0	0	0	0.0000	0	0.00
chrUn_KI270448v1	0.0000	7992	0.0000	0.0000	0	0	0	0.0000	0	0.00
chrUn_KI270521v1	0.0058	7642	0.0000	0.5758	44	1	0	0.5909	0	0.08
chrUn_GL000195v1	3.1686	182896	0.0000	15.3382	28053	7946	5913	0.5608	0	25.12
chrUn_GL000219v1	2.2179	179198	0.0000	6.0107	10771	4525	5090	0.6516	0	48.86
chrUn_GL000220v1	86.3785	161802	0.0000	26.7042	43208	329369	5104	0.7226	0	1534.95
chrUn_GL000224v1	0.0233	179693	0.0000	0.7279	1308	73	26	0.4998	0	0.41
chrUn_KI270741v1	0.0163	157432	0.0000	0.5837	919	42	24	0.4769	0	0.26
chrUn_GL000226v1	0.0000	15008	0.0000	0.0000	0	0	0	0.0000	0	0.00
chrUn_GL000213v1	0.0136	164239	0.0000	0.4043	664	34	26	0.5011	0	0.30
chrUn_KI270743v1	0.1261	210658	0.0000	2.0678	4356	474	175	0.5975	0	2.32
chrUn_KI270744v1	0.1444	168472	0.0000	2.4520	4131	363	241	0.5802	0	2.07
chrUn_KI270745v1	0.2053	41891	0.0000	7.7296	3238	164	39	0.4683	0	1.12
chrUn_KI270746v1	0.0327	66486	0.0000	1.2228	813	32	24	0.3654	0	0.34
chrUn_KI270747v1	0.0063	198735	0.0000	0.1892	376	8	22	0.3976	0	0.19
chrUn_KI270748v1	0.1643	93321	0.0000	2.5428	2373	260	100	0.6009	0	2.12
chrUn_KI270749v1	0.0575	158759	0.0000	0.6645	1055	44	173	0.6253	0	1.41
chrUn_KI270750v1	0.0282	148850	0.0000	0.7222	1075	34	67	0.5394	0	0.51
chrUn_KI270751v1	0.0428	150742	0.0000	1.0535	1588	81	83	0.5479	0	0.86
chrUn_KI270752v1	0.0000	27745	0.0000	0.0000	0	0	0	0.0000	0	0.00
chrUn_KI270753v1	0.0023	62944	0.0000	0.1255	79	0	4	0.4575	0	0.07
chrUn_KI270754v1	0.1327	40191	0.0000	1.9059	766	41	86	0.6285	0	2.03
chrUn_KI270755v1	0.0052	36723	0.0000	0.3322	122	4	1	0.5684	0	0.10
chrUn_KI270756v1	0.0000	79590	0.0000	0.0000	0	0	0	0.0000	0	0.00
chrUn_KI270757v1	0.0000	71251	0.0000	0.0000	0	0	0	0.0000	0	0.00
chrUn_GL000214v1	0.0935	137718	0.0000	1.8247	2513	160	158	0.5615	0	1.17
chrUn_KI270742v1	0.4593	186739	0.0000	3.2880	6140	603	1405	0.6008	0	9.91
chrUn_GL000216v2	0.0198	176608	0.0000	0.6721	1187	54	38	0.5575	0	0.29
chrUn_GL000218v1	0.2936	161147	0.0000	3.1052	5004	440	696	0.5894	0	4.62
chrEBV	30.2416	171823	0.0000	65.8521	113149	58790	65615	0.6677	3	438.53
