#ID	Avg_fold	Length	Ref_GC	Covered_percent	Covered_bases	Plus_reads	Minus_reads	Read_GC	Median_fold	Std_Dev
chr1	0.9647	248956422	0.0000	3.1219	7772054	2744979	2838356	0.6094	0	85.49
chr2	0.5310	242193529	0.0000	2.4009	5814922	1520205	1475854	0.6416	0	23.11
chr3	0.5240	198295559	0.0000	2.3434	4646789	1209448	1211013	0.6440	0	24.06
chr4	0.3250	190214555	0.0000	1.5659	2978598	740499	700530	0.6409	0	14.88
chr5	0.5181	181538259	0.0000	2.1975	3989220	1080219	1113870	0.6437	0	23.66
chr6	0.6503	170805979	0.0000	2.6219	4478354	1341204	1249415	0.6157	0	42.15
chr7	0.6375	159345973	0.0000	2.6686	4252369	1185188	1179828	0.6475	0	33.02
chr8	0.4245	145138636	0.0000	2.0909	3034733	714924	722504	0.6493	0	16.76
chr9	0.6120	138394717	0.0000	2.5494	3528236	987591	985656	0.6494	0	29.16
chr10	0.5618	133797422	0.0000	2.6289	3517364	908809	842079	0.6451	0	20.81
chr11	0.7043	135086622	0.0000	2.8391	3835206	1053664	1162565	0.6431	0	30.45
chr12	0.7190	133275309	0.0000	3.0666	4087081	1134634	1098948	0.6297	0	32.74
chr13	0.3053	114364328	0.0000	1.4684	1679367	398339	416612	0.6441	0	14.97
chr14	0.6611	107043718	0.0000	2.6192	2803666	827170	819603	0.6170	0	64.07
chr15	0.6589	101991189	0.0000	2.7705	2825633	796101	768602	0.6448	0	25.88
chr16	0.9672	90338345	0.0000	4.0710	3677652	1004990	1029141	0.6618	0	31.27
chr17	1.6804	83257441	0.0000	5.5806	4646234	1580425	1669421	0.6069	0	105.44
chr18	0.3427	80373285	0.0000	1.7565	1411785	314782	327671	0.6485	0	17.85
chr19	2.0226	58617616	0.0000	7.4436	4363271	1463355	1296559	0.6445	0	51.32
chr20	0.7506	64444167	0.0000	3.3474	2157181	583839	542269	0.6536	0	26.84
chr21	0.9878	46709983	0.0000	2.6580	1241569	770159	321378	0.6636	0	83.93
chr22	0.9247	50818468	0.0000	4.0113	2038490	532656	560923	0.6527	0	28.26
chrX	0.2394	156040895	0.0000	1.5036	2346287	438420	433360	0.6280	0	11.48
chrY	0.0299	57227415	0.0000	0.3139	179630	22273	18085	0.5671	0	2.36
chrM	420.4033	16569	0.0000	99.4387	16476	136188	40872	0.4423	254	1229.76
chr1_KI270706v1_random	0.2742	175055	0.0000	4.5643	7990	536	596	0.5416	0	5.64
chr1_KI270707v1_random	0.0898	32032	0.0000	5.0855	1629	29	43	0.4865	0	0.51
chr1_KI270708v1_random	0.0503	127682	0.0000	1.9799	2528	83	73	0.4867	0	0.51
chr1_KI270709v1_random	0.0043	66860	0.0000	0.1914	128	7	0	0.4838	0	0.13
chr1_KI270710v1_random	0.0019	40176	0.0000	0.1941	78	0	2	0.4872	0	0.04
chr1_KI270711v1_random	0.0888	42210	0.0000	4.0962	1729	28	63	0.5121	0	0.69
chr1_KI270712v1_random	0.0848	176043	0.0000	1.5934	2805	147	200	0.5976	0	1.53
chr1_KI270713v1_random	112.1642	40745	0.0000	12.7402	5191	4354	100489	0.4882	0	2159.79
chr1_KI270714v1_random	0.4132	41717	0.0000	5.5373	2310	122	287	0.5180	0	4.11
chr2_KI270715v1_random	0.0000	161471	0.0000	0.0000	0	0	0	0.0000	0	0.00
chr2_KI270716v1_random	0.0000	153799	0.0000	0.0000	0	0	0	0.0000	0	0.00
chr3_GL000221v1_random	1.9366	155397	0.0000	5.6977	8854	1164	5823	0.6366	0	55.06
chr4_GL000008v2_random	0.1243	209709	0.0000	2.0404	4279	475	152	0.5980	0	2.12
chr5_GL000208v1_random	0.0035	92689	0.0000	0.2762	256	6	2	0.4360	0	0.08
chr9_KI270717v1_random	0.1013	40062	0.0000	4.2609	1707	27	68	0.5886	0	0.62
chr9_KI270718v1_random	6.8378	38054	0.0000	11.0790	4216	518	5453	0.6696	0	117.26
chr9_KI270719v1_random	1.0926	176845	0.0000	4.2037	7434	2789	1774	0.6629	0	13.23
chr9_KI270720v1_random	0.0097	39050	0.0000	0.5096	199	3	7	0.4861	0	0.15
chr11_KI270721v1_random	0.7155	100316	0.0000	4.4978	4512	1317	357	0.7095	0	17.79
chr14_GL000009v2_random	0.2711	201709	0.0000	3.7797	7624	704	608	0.5669	0	5.67
chr14_GL000225v1_random	0.0500	211173	0.0000	1.2786	2700	142	112	0.5889	0	0.83
chr14_KI270722v1_random	0.0417	194050	0.0000	1.5367	2982	105	91	0.5058	0	0.56
chr14_GL000194v1_random	0.7554	191469	0.0000	6.0866	11654	1043	2359	0.6003	0	15.14
chr14_KI270723v1_random	0.1299	38115	0.0000	2.2616	862	27	92	0.5481	0	1.99
chr14_KI270724v1_random	0.1951	39555	0.0000	2.3107	914	91	93	0.5483	0	2.84
chr14_KI270725v1_random	0.0099	172810	0.0000	0.5260	909	22	17	0.5932	0	0.17
chr14_KI270726v1_random	0.0390	43739	0.0000	1.4152	619	14	26	0.5812	0	0.41
chr15_KI270727v1_random	0.1258	448248	0.0000	1.9027	8529	491	821	0.5982	0	2.05
chr16_KI270728v1_random	0.0693	1872759	0.0000	1.0597	19845	1065	1998	0.5754	0	2.09
chr17_GL000205v2_random	6.5415	185591	0.0000	14.4328	26786	14973	13643	0.5582	0	53.38
chr17_KI270729v1_random	0.0012	280839	0.0000	0.0523	147	8	0	0.4855	0	0.06
chr17_KI270730v1_random	0.0004	112551	0.0000	0.0391	44	1	0	0.2727	0	0.02
chr22_KI270731v1_random	0.2962	150754	0.0000	3.2795	4944	281	760	0.6371	0	7.76
chr22_KI270732v1_random	0.0052	41543	0.0000	0.2046	85	5	0	0.3917	0	0.13
chr22_KI270733v1_random	66.0871	179772	0.0000	25.4795	45805	279512	4216	0.7106	0	1226.88
chr22_KI270734v1_random	0.5741	165050	0.0000	4.0218	6638	1044	1149	0.6611	0	12.26
chr22_KI270735v1_random	0.0082	42811	0.0000	0.2079	89	0	8	0.5597	0	0.19
chr22_KI270736v1_random	0.0007	181920	0.0000	0.0726	132	3	0	0.4167	0	0.03
chr22_KI270737v1_random	0.0025	103838	0.0000	0.1695	176	0	6	0.4735	0	0.07
chr22_KI270738v1_random	0.0004	99375	0.0000	0.0382	38	1	0	0.4211	0	0.02
chr22_KI270739v1_random	0.0016	73985	0.0000	0.1122	83	3	0	0.3934	0	0.05
chrY_KI270740v1_random	0.0000	37240	0.0000	0.0000	0	0	0	0.0000	0	0.00
chrUn_KI270302v1	0.0000	2274	0.0000	0.0000	0	0	0	0.0000	0	0.00
chrUn_KI270304v1	0.0000	2165	0.0000	0.0000	0	0	0	0.0000	0	0.00
chrUn_KI270303v1	0.0000	1942	0.0000	0.0000	0	0	0	0.0000	0	0.00
chrUn_KI270305v1	0.0000	1472	0.0000	0.0000	0	0	0	0.0000	0	0.00
chrUn_KI270322v1	0.0000	21476	0.0000	0.0000	0	0	0	0.0000	0	0.00
chrUn_KI270320v1	0.0000	4416	0.0000	0.0000	0	0	0	0.0000	0	0.00
chrUn_KI270310v1	0.0000	1201	0.0000	0.0000	0	0	0	0.0000	0	0.00
chrUn_KI270316v1	0.0000	1444	0.0000	0.0000	0	0	0	0.0000	0	0.00
chrUn_KI270315v1	0.0000	2276	0.0000	0.0000	0	0	0	0.0000	0	0.00
chrUn_KI270312v1	0.0000	998	0.0000	0.0000	0	0	0	0.0000	0	0.00
chrUn_KI270311v1	0.0000	12399	0.0000	0.0000	0	0	0	0.0000	0	0.00
chrUn_KI270317v1	0.0000	37690	0.0000	0.0000	0	0	0	0.0000	0	0.00
chrUn_KI270412v1	0.0000	1179	0.0000	0.0000	0	0	0	0.0000	0	0.00
chrUn_KI270411v1	0.0000	2646	0.0000	0.0000	0	0	0	0.0000	0	0.00
chrUn_KI270414v1	0.0000	2489	0.0000	0.0000	0	0	0	0.0000	0	0.00
chrUn_KI270419v1	0.0000	1029	0.0000	0.0000	0	0	0	0.0000	0	0.00
chrUn_KI270418v1	0.0000	2145	0.0000	0.0000	0	0	0	0.0000	0	0.00
chrUn_KI270420v1	0.0000	2321	0.0000	0.0000	0	0	0	0.0000	0	0.00
chrUn_KI270424v1	0.0000	2140	0.0000	0.0000	0	0	0	0.0000	0	0.00
chrUn_KI270417v1	0.0000	2043	0.0000	0.0000	0	0	0	0.0000	0	0.00
chrUn_KI270422v1	0.0000	1445	0.0000	0.0000	0	0	0	0.0000	0	0.00
chrUn_KI270423v1	0.0000	981	0.0000	0.0000	0	0	0	0.0000	0	0.00
chrUn_KI270425v1	0.0000	1884	0.0000	0.0000	0	0	0	0.0000	0	0.00
chrUn_KI270429v1	0.0000	1361	0.0000	0.0000	0	0	0	0.0000	0	0.00
chrUn_KI270442v1	0.6055	392061	0.0000	1.1718	4594	1673	3972	0.6265	0	18.58
chrUn_KI270466v1	0.0357	1233	0.0000	3.5685	44	0	1	0.2500	0	0.19
chrUn_KI270465v1	0.0000	1774	0.0000	0.0000	0	0	0	0.0000	0	0.00
chrUn_KI270467v1	0.0000	3920	0.0000	0.0000	0	0	0	0.0000	0	0.00
chrUn_KI270435v1	0.0009	92983	0.0000	0.0946	88	1	1	0.4659	0	0.03
chrUn_KI270438v1	0.0000	112505	0.0000	0.0000	0	0	0	0.0000	0	0.00
chrUn_KI270468v1	0.0000	4055	0.0000	0.0000	0	0	0	0.0000	0	0.00
chrUn_KI270510v1	0.0000	2415	0.0000	0.0000	0	0	0	0.0000	0	0.00
chrUn_KI270509v1	0.0000	2318	0.0000	0.0000	0	0	0	0.0000	0	0.00
chrUn_KI270518v1	0.0000	2186	0.0000	0.0000	0	0	0	0.0000	0	0.00
chrUn_KI270508v1	0.0000	1951	0.0000	0.0000	0	0	0	0.0000	0	0.00
chrUn_KI270516v1	0.0000	1300	0.0000	0.0000	0	0	0	0.0000	0	0.00
chrUn_KI270512v1	0.0019	22689	0.0000	0.1939	44	1	0	0.3636	0	0.04
chrUn_KI270519v1	0.0023	138126	0.0000	0.0869	120	7	1	0.3608	0	0.09
chrUn_KI270522v1	0.0000	5674	0.0000	0.0000	0	0	0	0.0000	0	0.00
chrUn_KI270511v1	0.0000	8127	0.0000	0.0000	0	0	0	0.0000	0	0.00
chrUn_KI270515v1	0.0000	6361	0.0000	0.0000	0	0	0	0.0000	0	0.00
chrUn_KI270507v1	0.0000	5353	0.0000	0.0000	0	0	0	0.0000	0	0.00
chrUn_KI270517v1	0.0101	3253	0.0000	1.0144	33	1	0	0.4848	0	0.10
chrUn_KI270529v1	0.0000	1899	0.0000	0.0000	0	0	0	0.0000	0	0.00
chrUn_KI270528v1	0.0000	2983	0.0000	0.0000	0	0	0	0.0000	0	0.00
chrUn_KI270530v1	0.0000	2168	0.0000	0.0000	0	0	0	0.0000	0	0.00
chrUn_KI270539v1	0.0000	993	0.0000	0.0000	0	0	0	0.0000	0	0.00
chrUn_KI270538v1	0.0029	91309	0.0000	0.0964	88	0	6	0.3636	0	0.09
chrUn_KI270544v1	0.0000	1202	0.0000	0.0000	0	0	0	0.0000	0	0.00
chrUn_KI270548v1	0.0000	1599	0.0000	0.0000	0	0	0	0.0000	0	0.00
chrUn_KI270583v1	0.0000	1400	0.0000	0.0000	0	0	0	0.0000	0	0.00
chrUn_KI270587v1	0.0000	2969	0.0000	0.0000	0	0	0	0.0000	0	0.00
chrUn_KI270580v1	0.0000	1553	0.0000	0.0000	0	0	0	0.0000	0	0.00
chrUn_KI270581v1	0.0000	7046	0.0000	0.0000	0	0	0	0.0000	0	0.00
chrUn_KI270579v1	0.0000	31033	0.0000	0.0000	0	0	0	0.0000	0	0.00
chrUn_KI270589v1	0.0020	44474	0.0000	0.0989	44	2	0	0.3864	0	0.06
chrUn_KI270590v1	0.0000	4685	0.0000	0.0000	0	0	0	0.0000	0	0.00
chrUn_KI270584v1	0.0000	4513	0.0000	0.0000	0	0	0	0.0000	0	0.00
chrUn_KI270582v1	0.0000	6504	0.0000	0.0000	0	0	0	0.0000	0	0.00
chrUn_KI270588v1	0.0000	6158	0.0000	0.0000	0	0	0	0.0000	0	0.00
chrUn_KI270593v1	0.0000	3041	0.0000	0.0000	0	0	0	0.0000	0	0.00
chrUn_KI270591v1	0.0000	5796	0.0000	0.0000	0	0	0	0.0000	0	0.00
chrUn_KI270330v1	0.0696	1652	0.0000	3.0872	51	3	0	0.5826	0	0.41
chrUn_KI270329v1	0.0000	1040	0.0000	0.0000	0	0	0	0.0000	0	0.00
chrUn_KI270334v1	0.0000	1368	0.0000	0.0000	0	0	0	0.0000	0	0.00
chrUn_KI270333v1	0.0000	2699	0.0000	0.0000	0	0	0	0.0000	0	0.00
chrUn_KI270335v1	0.0000	1048	0.0000	0.0000	0	0	0	0.0000	0	0.00
chrUn_KI270338v1	0.0000	1428	0.0000	0.0000	0	0	0	0.0000	0	0.00
chrUn_KI270340v1	0.0000	1428	0.0000	0.0000	0	0	0	0.0000	0	0.00
chrUn_KI270336v1	0.0000	1026	0.0000	0.0000	0	0	0	0.0000	0	0.00
chrUn_KI270337v1	0.0000	1121	0.0000	0.0000	0	0	0	0.0000	0	0.00
chrUn_KI270363v1	0.0000	1803	0.0000	0.0000	0	0	0	0.0000	0	0.00
chrUn_KI270364v1	0.0000	2855	0.0000	0.0000	0	0	0	0.0000	0	0.00
chrUn_KI270362v1	0.0000	3530	0.0000	0.0000	0	0	0	0.0000	0	0.00
chrUn_KI270366v1	0.0000	8320	0.0000	0.0000	0	0	0	0.0000	0	0.00
chrUn_KI270378v1	0.0000	1048	0.0000	0.0000	0	0	0	0.0000	0	0.00
chrUn_KI270379v1	0.0000	1045	0.0000	0.0000	0	0	0	0.0000	0	0.00
chrUn_KI270389v1	0.0000	1298	0.0000	0.0000	0	0	0	0.0000	0	0.00
chrUn_KI270390v1	0.0000	2387	0.0000	0.0000	0	0	0	0.0000	0	0.00
chrUn_KI270387v1	0.0000	1537	0.0000	0.0000	0	0	0	0.0000	0	0.00
chrUn_KI270395v1	0.0000	1143	0.0000	0.0000	0	0	0	0.0000	0	0.00
chrUn_KI270396v1	0.0000	1880	0.0000	0.0000	0	0	0	0.0000	0	0.00
chrUn_KI270388v1	0.0000	1216	0.0000	0.0000	0	0	0	0.0000	0	0.00
chrUn_KI270394v1	0.0000	970	0.0000	0.0000	0	0	0	0.0000	0	0.00
chrUn_KI270386v1	0.0000	1788	0.0000	0.0000	0	0	0	0.0000	0	0.00
chrUn_KI270391v1	0.0000	1484	0.0000	0.0000	0	0	0	0.0000	0	0.00
chrUn_KI270383v1	0.0000	1750	0.0000	0.0000	0	0	0	0.0000	0	0.00
chrUn_KI270393v1	0.0000	1308	0.0000	0.0000	0	0	0	0.0000	0	0.00
chrUn_KI270384v1	0.0000	1658	0.0000	0.0000	0	0	0	0.0000	0	0.00
chrUn_KI270392v1	0.0000	971	0.0000	0.0000	0	0	0	0.0000	0	0.00
chrUn_KI270381v1	0.0000	1930	0.0000	0.0000	0	0	0	0.0000	0	0.00
chrUn_KI270385v1	0.0000	990	0.0000	0.0000	0	0	0	0.0000	0	0.00
chrUn_KI270382v1	0.0000	4215	0.0000	0.0000	0	0	0	0.0000	0	0.00
chrUn_KI270376v1	0.0000	1136	0.0000	0.0000	0	0	0	0.0000	0	0.00
chrUn_KI270374v1	0.0000	2656	0.0000	0.0000	0	0	0	0.0000	0	0.00
chrUn_KI270372v1	0.0000	1650	0.0000	0.0000	0	0	0	0.0000	0	0.00
chrUn_KI270373v1	0.0000	1451	0.0000	0.0000	0	0	0	0.0000	0	0.00
chrUn_KI270375v1	0.0000	2378	0.0000	0.0000	0	0	0	0.0000	0	0.00
chrUn_KI270371v1	0.0000	2805	0.0000	0.0000	0	0	0	0.0000	0	0.00
chrUn_KI270448v1	0.0110	7992	0.0000	0.5506	44	0	2	0.2955	0	0.15
chrUn_KI270521v1	0.0115	7642	0.0000	0.5758	44	0	2	0.2955	0	0.15
chrUn_GL000195v1	3.6411	182896	0.0000	15.0490	27524	8902	6699	0.5804	0	35.33
chrUn_GL000219v1	2.0352	179198	0.0000	4.4638	7999	4240	4409	0.6699	0	52.12
chrUn_GL000220v1	60.9415	161802	0.0000	27.6251	44698	232291	5120	0.7051	0	1005.87
chrUn_GL000224v1	0.1005	179693	0.0000	1.9411	3488	342	87	0.5667	0	1.99
chrUn_KI270741v1	0.0890	157432	0.0000	1.2316	1939	288	39	0.5925	0	2.10
chrUn_GL000226v1	0.0000	15008	0.0000	0.0000	0	0	0	0.0000	0	0.00
chrUn_GL000213v1	0.0213	164239	0.0000	0.7915	1300	43	41	0.5754	0	0.33
chrUn_KI270743v1	0.3207	210658	0.0000	3.1141	6560	1130	464	0.5781	0	6.80
chrUn_KI270744v1	0.1942	168472	0.0000	4.5562	7676	509	264	0.5167	0	2.24
chrUn_KI270745v1	0.0882	41891	0.0000	4.8507	2032	65	23	0.5361	0	0.46
chrUn_KI270746v1	0.0155	66486	0.0000	0.7671	510	18	7	0.4264	0	0.22
chrUn_KI270747v1	0.0029	198735	0.0000	0.1605	319	4	9	0.5577	0	0.08
chrUn_KI270748v1	0.1317	93321	0.0000	2.0971	1957	232	53	0.6689	0	2.56
chrUn_KI270749v1	0.0260	158759	0.0000	0.6337	1006	44	53	0.6080	0	0.74
chrUn_KI270750v1	0.0438	148850	0.0000	0.7397	1101	73	78	0.5978	0	0.93
chrUn_KI270751v1	0.0748	150742	0.0000	1.6525	2491	129	150	0.5084	0	1.29
chrUn_KI270752v1	0.0000	27745	0.0000	0.0000	0	0	0	0.0000	0	0.00
chrUn_KI270753v1	0.0097	62944	0.0000	0.2907	183	9	5	0.5211	0	0.21
chrUn_KI270754v1	0.1780	40191	0.0000	1.8437	741	88	80	0.6021	0	2.99
chrUn_KI270755v1	0.0240	36723	0.0000	0.7352	270	16	4	0.5477	0	0.35
chrUn_KI270756v1	0.0000	79590	0.0000	0.0000	0	0	0	0.0000	0	0.00
chrUn_KI270757v1	0.0020	71251	0.0000	0.1502	107	4	0	0.4786	0	0.05
chrUn_GL000214v1	0.3442	137718	0.0000	3.2283	4446	418	706	0.5778	0	7.21
chrUn_KI270742v1	1.6788	186739	0.0000	5.2485	9801	1389	5890	0.6322	0	50.60
chrUn_GL000216v2	0.0144	176608	0.0000	0.5526	976	33	26	0.6046	0	0.25
chrUn_GL000218v1	0.6521	161147	0.0000	5.1301	8267	1176	1299	0.5873	0	12.04
chrEBV	37.4004	171823	0.0000	71.7168	123226	62584	87735	0.6767	3	654.95
