#ID	Avg_fold	Length	Ref_GC	Covered_percent	Covered_bases	Plus_reads	Minus_reads	Read_GC	Median_fold	Std_Dev
chr1	0.6401	248956422	0.0000	2.3180	5770863	1852375	1894665	0.5939	0	81.57
chr2	0.3372	242193529	0.0000	1.7617	4266687	967603	962240	0.6251	0	14.62
chr3	0.3231	198295559	0.0000	1.7139	3398586	763518	750589	0.6279	0	13.72
chr4	0.2150	190214555	0.0000	1.2458	2369718	492830	475623	0.6201	0	9.72
chr5	0.3342	181538259	0.0000	1.6262	2952133	708301	727495	0.6309	0	14.91
chr6	0.4448	170805979	0.0000	2.0232	3455821	953880	840992	0.6013	0	38.07
chr7	0.3875	159345973	0.0000	1.8814	2997917	729337	729831	0.6351	0	18.62
chr8	0.2670	145138636	0.0000	1.5871	2303551	451850	465913	0.6325	0	9.89
chr9	0.3818	138394717	0.0000	1.8017	2493443	631159	617829	0.6381	0	19.60
chr10	0.3534	133797422	0.0000	1.9152	2562470	581493	535558	0.6293	0	12.32
chr11	0.4364	135086622	0.0000	1.9834	2679368	666413	726425	0.6328	0	19.59
chr12	0.4713	133275309	0.0000	2.1823	2908455	743006	742824	0.6154	0	22.23
chr13	0.1892	114364328	0.0000	1.0995	1257456	254063	259114	0.6266	0	9.44
chr14	0.4236	107043718	0.0000	1.9007	2034630	539425	529246	0.6041	0	60.93
chr15	0.4135	101991189	0.0000	1.9515	1990356	508706	487219	0.6254	0	18.83
chr16	0.5665	90338345	0.0000	2.6194	2366328	598620	608967	0.6515	0	18.00
chr17	1.1534	83257441	0.0000	3.7605	3130923	1097709	1152991	0.5746	0	100.61
chr18	0.2125	80373285	0.0000	1.3913	1118266	195626	208419	0.6291	0	10.63
chr19	1.1853	58617616	0.0000	4.7099	2760837	880339	759603	0.6395	0	34.26
chr20	0.4536	64444167	0.0000	2.3265	1499293	360214	330024	0.6410	0	16.41
chr21	0.4822	46709983	0.0000	2.0001	934263	330090	204839	0.6445	0	37.18
chr22	0.5886	50818468	0.0000	2.7462	1395555	351631	355239	0.6404	0	20.34
chrX	0.1715	156040895	0.0000	1.1908	1858131	330146	303421	0.6126	0	8.57
chrY	0.0044	57227415	0.0000	0.0891	50981	3522	2649	0.5419	0	0.40
chrM	81.9554	16569	0.0000	99.0826	16417	28265	6612	0.4339	48	280.74
chr1_KI270706v1_random	0.2122	175055	0.0000	3.0505	5340	426	459	0.5409	0	3.96
chr1_KI270707v1_random	0.0906	32032	0.0000	3.4466	1104	45	25	0.4659	0	0.69
chr1_KI270708v1_random	0.0401	127682	0.0000	1.2954	1654	40	82	0.4876	0	0.62
chr1_KI270709v1_random	0.0000	66860	0.0000	0.0000	0	0	0	0.0000	0	0.00
chr1_KI270710v1_random	0.0022	40176	0.0000	0.1170	47	2	0	0.6364	0	0.06
chr1_KI270711v1_random	0.0407	42210	0.0000	1.6110	680	21	19	0.5146	0	0.59
chr1_KI270712v1_random	0.0891	176043	0.0000	1.3832	2435	202	170	0.6251	0	1.49
chr1_KI270713v1_random	83.3023	40745	0.0000	9.1643	3734	3319	74467	0.4848	0	2150.69
chr1_KI270714v1_random	0.3482	41717	0.0000	2.7255	1137	113	240	0.5193	0	3.72
chr2_KI270715v1_random	0.0000	161471	0.0000	0.0000	0	0	0	0.0000	0	0.00
chr2_KI270716v1_random	0.0000	153799	0.0000	0.0000	0	0	0	0.0000	0	0.00
chr3_GL000221v1_random	0.8108	155397	0.0000	5.0194	7800	699	2247	0.6094	0	19.65
chr4_GL000008v2_random	0.0827	209709	0.0000	1.9260	4039	249	171	0.5487	0	1.20
chr5_GL000208v1_random	0.0005	92689	0.0000	0.0475	44	1	0	0.3636	0	0.02
chr9_KI270717v1_random	0.1052	40062	0.0000	3.1202	1250	38	59	0.5262	0	0.95
chr9_KI270718v1_random	5.4710	38054	0.0000	10.7269	4082	1196	3672	0.5859	0	61.35
chr9_KI270719v1_random	0.6305	176845	0.0000	3.2724	5787	1695	1003	0.6503	0	6.73
chr9_KI270720v1_random	0.0262	39050	0.0000	1.0090	394	13	12	0.4625	0	0.34
chr11_KI270721v1_random	0.3679	100316	0.0000	2.1432	2150	698	171	0.7092	0	10.85
chr14_GL000009v2_random	0.0698	201709	0.0000	1.6578	3344	222	122	0.5401	0	1.19
chr14_GL000225v1_random	0.0118	211173	0.0000	0.4773	1008	42	23	0.6144	0	0.20
chr14_KI270722v1_random	0.0408	194050	0.0000	1.1013	2137	80	120	0.5060	0	0.60
chr14_GL000194v1_random	0.3023	191469	0.0000	2.5513	4885	584	788	0.6138	0	5.36
chr14_KI270723v1_random	0.1654	38115	0.0000	2.4321	927	59	101	0.5226	0	1.66
chr14_KI270724v1_random	0.2283	39555	0.0000	1.9821	784	103	117	0.5400	0	2.65
chr14_KI270725v1_random	0.0286	172810	0.0000	0.6996	1209	47	73	0.6165	0	0.67
chr14_KI270726v1_random	1.3869	43739	0.0000	4.5954	2010	1385	74	0.5041	0	34.49
chr15_KI270727v1_random	0.1929	448248	0.0000	1.5706	7040	816	1230	0.6592	0	3.67
chr16_KI270728v1_random	0.0328	1872759	0.0000	0.5837	10931	555	914	0.5727	0	1.06
chr17_GL000205v2_random	5.4830	185591	0.0000	10.1142	18771	13782	10509	0.5482	0	45.00
chr17_KI270729v1_random	0.0009	280839	0.0000	0.0652	183	4	2	0.4922	0	0.04
chr17_KI270730v1_random	0.0000	112551	0.0000	0.0000	0	0	0	0.0000	0	0.00
chr22_KI270731v1_random	0.1611	150754	0.0000	2.2673	3418	185	399	0.6324	0	3.09
chr22_KI270732v1_random	0.0008	41543	0.0000	0.0770	32	0	1	0.6216	0	0.03
chr22_KI270733v1_random	18.3363	179772	0.0000	24.4549	43963	73693	4676	0.7173	0	488.59
chr22_KI270734v1_random	0.3679	165050	0.0000	3.2633	5386	679	758	0.6681	0	6.69
chr22_KI270735v1_random	0.0000	42811	0.0000	0.0000	0	0	0	0.0000	0	0.00
chr22_KI270736v1_random	0.0010	181920	0.0000	0.0967	176	2	2	0.4943	0	0.03
chr22_KI270737v1_random	0.0007	103838	0.0000	0.0693	72	0	2	0.4444	0	0.03
chr22_KI270738v1_random	0.0004	99375	0.0000	0.0443	44	0	1	0.6818	0	0.02
chr22_KI270739v1_random	0.0006	73985	0.0000	0.0595	44	1	0	0.4091	0	0.02
chrY_KI270740v1_random	0.0000	37240	0.0000	0.0000	0	0	0	0.0000	0	0.00
chrUn_KI270302v1	0.0000	2274	0.0000	0.0000	0	0	0	0.0000	0	0.00
chrUn_KI270304v1	0.0406	2165	0.0000	4.0647	88	2	0	0.4318	0	0.20
chrUn_KI270303v1	0.0000	1942	0.0000	0.0000	0	0	0	0.0000	0	0.00
chrUn_KI270305v1	0.0000	1472	0.0000	0.0000	0	0	0	0.0000	0	0.00
chrUn_KI270322v1	0.0000	21476	0.0000	0.0000	0	0	0	0.0000	0	0.00
chrUn_KI270320v1	0.0000	4416	0.0000	0.0000	0	0	0	0.0000	0	0.00
chrUn_KI270310v1	0.0000	1201	0.0000	0.0000	0	0	0	0.0000	0	0.00
chrUn_KI270316v1	0.0000	1444	0.0000	0.0000	0	0	0	0.0000	0	0.00
chrUn_KI270315v1	0.0000	2276	0.0000	0.0000	0	0	0	0.0000	0	0.00
chrUn_KI270312v1	0.0862	998	0.0000	8.6172	86	2	0	0.3636	0	0.28
chrUn_KI270311v1	0.0000	12399	0.0000	0.0000	0	0	0	0.0000	0	0.00
chrUn_KI270317v1	0.0012	37690	0.0000	0.1167	44	1	0	0.4318	0	0.03
chrUn_KI270412v1	0.0000	1179	0.0000	0.0000	0	0	0	0.0000	0	0.00
chrUn_KI270411v1	0.0000	2646	0.0000	0.0000	0	0	0	0.0000	0	0.00
chrUn_KI270414v1	0.0000	2489	0.0000	0.0000	0	0	0	0.0000	0	0.00
chrUn_KI270419v1	0.0000	1029	0.0000	0.0000	0	0	0	0.0000	0	0.00
chrUn_KI270418v1	0.0000	2145	0.0000	0.0000	0	0	0	0.0000	0	0.00
chrUn_KI270420v1	0.0000	2321	0.0000	0.0000	0	0	0	0.0000	0	0.00
chrUn_KI270424v1	0.0000	2140	0.0000	0.0000	0	0	0	0.0000	0	0.00
chrUn_KI270417v1	0.0000	2043	0.0000	0.0000	0	0	0	0.0000	0	0.00
chrUn_KI270422v1	0.0000	1445	0.0000	0.0000	0	0	0	0.0000	0	0.00
chrUn_KI270423v1	0.0000	981	0.0000	0.0000	0	0	0	0.0000	0	0.00
chrUn_KI270425v1	0.0000	1884	0.0000	0.0000	0	0	0	0.0000	0	0.00
chrUn_KI270429v1	0.0000	1361	0.0000	0.0000	0	0	0	0.0000	0	0.00
chrUn_KI270442v1	0.4943	392061	0.0000	1.0141	3976	1749	2890	0.6227	0	15.59
chrUn_KI270466v1	0.0000	1233	0.0000	0.0000	0	0	0	0.0000	0	0.00
chrUn_KI270465v1	0.0000	1774	0.0000	0.0000	0	0	0	0.0000	0	0.00
chrUn_KI270467v1	0.0000	3920	0.0000	0.0000	0	0	0	0.0000	0	0.00
chrUn_KI270435v1	0.0009	92983	0.0000	0.0473	44	0	2	0.6136	0	0.04
chrUn_KI270438v1	0.0000	112505	0.0000	0.0000	0	0	0	0.0000	0	0.00
chrUn_KI270468v1	0.0000	4055	0.0000	0.0000	0	0	0	0.0000	0	0.00
chrUn_KI270510v1	0.0000	2415	0.0000	0.0000	0	0	0	0.0000	0	0.00
chrUn_KI270509v1	0.0000	2318	0.0000	0.0000	0	0	0	0.0000	0	0.00
chrUn_KI270518v1	0.0000	2186	0.0000	0.0000	0	0	0	0.0000	0	0.00
chrUn_KI270508v1	0.0000	1951	0.0000	0.0000	0	0	0	0.0000	0	0.00
chrUn_KI270516v1	0.0000	1300	0.0000	0.0000	0	0	0	0.0000	0	0.00
chrUn_KI270512v1	0.0000	22689	0.0000	0.0000	0	0	0	0.0000	0	0.00
chrUn_KI270519v1	0.0018	138126	0.0000	0.0623	86	1	5	0.6265	0	0.08
chrUn_KI270522v1	0.0000	5674	0.0000	0.0000	0	0	0	0.0000	0	0.00
chrUn_KI270511v1	0.0000	8127	0.0000	0.0000	0	0	0	0.0000	0	0.00
chrUn_KI270515v1	0.0000	6361	0.0000	0.0000	0	0	0	0.0000	0	0.00
chrUn_KI270507v1	0.0000	5353	0.0000	0.0000	0	0	0	0.0000	0	0.00
chrUn_KI270517v1	0.0000	3253	0.0000	0.0000	0	0	0	0.0000	0	0.00
chrUn_KI270529v1	0.0000	1899	0.0000	0.0000	0	0	0	0.0000	0	0.00
chrUn_KI270528v1	0.0000	2983	0.0000	0.0000	0	0	0	0.0000	0	0.00
chrUn_KI270530v1	0.0000	2168	0.0000	0.0000	0	0	0	0.0000	0	0.00
chrUn_KI270539v1	0.0000	993	0.0000	0.0000	0	0	0	0.0000	0	0.00
chrUn_KI270538v1	0.0000	91309	0.0000	0.0000	0	0	0	0.0000	0	0.00
chrUn_KI270544v1	0.0000	1202	0.0000	0.0000	0	0	0	0.0000	0	0.00
chrUn_KI270548v1	0.0000	1599	0.0000	0.0000	0	0	0	0.0000	0	0.00
chrUn_KI270583v1	0.0000	1400	0.0000	0.0000	0	0	0	0.0000	0	0.00
chrUn_KI270587v1	0.0000	2969	0.0000	0.0000	0	0	0	0.0000	0	0.00
chrUn_KI270580v1	0.0000	1553	0.0000	0.0000	0	0	0	0.0000	0	0.00
chrUn_KI270581v1	0.0125	7046	0.0000	0.6245	44	0	2	0.5682	0	0.16
chrUn_KI270579v1	0.0000	31033	0.0000	0.0000	0	0	0	0.0000	0	0.00
chrUn_KI270589v1	0.0000	44474	0.0000	0.0000	0	0	0	0.0000	0	0.00
chrUn_KI270590v1	0.0000	4685	0.0000	0.0000	0	0	0	0.0000	0	0.00
chrUn_KI270584v1	0.0000	4513	0.0000	0.0000	0	0	0	0.0000	0	0.00
chrUn_KI270582v1	0.0000	6504	0.0000	0.0000	0	0	0	0.0000	0	0.00
chrUn_KI270588v1	0.0000	6158	0.0000	0.0000	0	0	0	0.0000	0	0.00
chrUn_KI270593v1	0.0000	3041	0.0000	0.0000	0	0	0	0.0000	0	0.00
chrUn_KI270591v1	0.0000	5796	0.0000	0.0000	0	0	0	0.0000	0	0.00
chrUn_KI270330v1	0.0000	1652	0.0000	0.0000	0	0	0	0.0000	0	0.00
chrUn_KI270329v1	0.0000	1040	0.0000	0.0000	0	0	0	0.0000	0	0.00
chrUn_KI270334v1	0.0000	1368	0.0000	0.0000	0	0	0	0.0000	0	0.00
chrUn_KI270333v1	0.0000	2699	0.0000	0.0000	0	0	0	0.0000	0	0.00
chrUn_KI270335v1	0.0000	1048	0.0000	0.0000	0	0	0	0.0000	0	0.00
chrUn_KI270338v1	0.0000	1428	0.0000	0.0000	0	0	0	0.0000	0	0.00
chrUn_KI270340v1	0.0000	1428	0.0000	0.0000	0	0	0	0.0000	0	0.00
chrUn_KI270336v1	0.0000	1026	0.0000	0.0000	0	0	0	0.0000	0	0.00
chrUn_KI270337v1	0.0000	1121	0.0000	0.0000	0	0	0	0.0000	0	0.00
chrUn_KI270363v1	0.0000	1803	0.0000	0.0000	0	0	0	0.0000	0	0.00
chrUn_KI270364v1	0.0000	2855	0.0000	0.0000	0	0	0	0.0000	0	0.00
chrUn_KI270362v1	0.0000	3530	0.0000	0.0000	0	0	0	0.0000	0	0.00
chrUn_KI270366v1	0.0000	8320	0.0000	0.0000	0	0	0	0.0000	0	0.00
chrUn_KI270378v1	0.0000	1048	0.0000	0.0000	0	0	0	0.0000	0	0.00
chrUn_KI270379v1	0.0000	1045	0.0000	0.0000	0	0	0	0.0000	0	0.00
chrUn_KI270389v1	0.0000	1298	0.0000	0.0000	0	0	0	0.0000	0	0.00
chrUn_KI270390v1	0.0000	2387	0.0000	0.0000	0	0	0	0.0000	0	0.00
chrUn_KI270387v1	0.0000	1537	0.0000	0.0000	0	0	0	0.0000	0	0.00
chrUn_KI270395v1	0.0000	1143	0.0000	0.0000	0	0	0	0.0000	0	0.00
chrUn_KI270396v1	0.0000	1880	0.0000	0.0000	0	0	0	0.0000	0	0.00
chrUn_KI270388v1	0.0000	1216	0.0000	0.0000	0	0	0	0.0000	0	0.00
chrUn_KI270394v1	0.0000	970	0.0000	0.0000	0	0	0	0.0000	0	0.00
chrUn_KI270386v1	0.0000	1788	0.0000	0.0000	0	0	0	0.0000	0	0.00
chrUn_KI270391v1	0.0000	1484	0.0000	0.0000	0	0	0	0.0000	0	0.00
chrUn_KI270383v1	0.0000	1750	0.0000	0.0000	0	0	0	0.0000	0	0.00
chrUn_KI270393v1	0.0000	1308	0.0000	0.0000	0	0	0	0.0000	0	0.00
chrUn_KI270384v1	0.0000	1658	0.0000	0.0000	0	0	0	0.0000	0	0.00
chrUn_KI270392v1	0.0000	971	0.0000	0.0000	0	0	0	0.0000	0	0.00
chrUn_KI270381v1	0.0000	1930	0.0000	0.0000	0	0	0	0.0000	0	0.00
chrUn_KI270385v1	0.0000	990	0.0000	0.0000	0	0	0	0.0000	0	0.00
chrUn_KI270382v1	0.0000	4215	0.0000	0.0000	0	0	0	0.0000	0	0.00
chrUn_KI270376v1	0.0000	1136	0.0000	0.0000	0	0	0	0.0000	0	0.00
chrUn_KI270374v1	0.0000	2656	0.0000	0.0000	0	0	0	0.0000	0	0.00
chrUn_KI270372v1	0.0000	1650	0.0000	0.0000	0	0	0	0.0000	0	0.00
chrUn_KI270373v1	0.0000	1451	0.0000	0.0000	0	0	0	0.0000	0	0.00
chrUn_KI270375v1	0.0000	2378	0.0000	0.0000	0	0	0	0.0000	0	0.00
chrUn_KI270371v1	0.0000	2805	0.0000	0.0000	0	0	0	0.0000	0	0.00
chrUn_KI270448v1	0.0000	7992	0.0000	0.0000	0	0	0	0.0000	0	0.00
chrUn_KI270521v1	0.0048	7642	0.0000	0.4842	37	1	0	0.6757	0	0.07
chrUn_GL000195v1	2.2487	182896	0.0000	9.7859	17898	5647	4135	0.5677	0	18.78
chrUn_GL000219v1	2.0476	179198	0.0000	5.5268	9904	3765	5113	0.6411	0	49.04
chrUn_GL000220v1	17.7003	161802	0.0000	26.3507	42636	63191	5273	0.7249	0	418.40
chrUn_GL000224v1	0.0565	179693	0.0000	1.1559	2077	182	59	0.5555	0	1.05
chrUn_KI270741v1	0.0447	157432	0.0000	0.8137	1281	141	25	0.5884	0	1.04
chrUn_GL000226v1	0.0000	15008	0.0000	0.0000	0	0	0	0.0000	0	0.00
chrUn_GL000213v1	0.0263	164239	0.0000	0.5626	924	49	58	0.6261	0	0.64
chrUn_KI270743v1	0.1659	210658	0.0000	2.0512	4321	514	321	0.5723	0	3.00
chrUn_KI270744v1	0.0504	168472	0.0000	1.6139	2719	88	115	0.5332	0	0.63
chrUn_KI270745v1	0.2120	41891	0.0000	3.7359	1565	173	41	0.4307	0	2.61
chrUn_KI270746v1	0.0007	66486	0.0000	0.0662	44	0	1	0.2955	0	0.03
chrUn_KI270747v1	0.0055	198735	0.0000	0.1278	254	3	22	0.5281	0	0.23
chrUn_KI270748v1	0.1680	93321	0.0000	2.8932	2700	229	138	0.5701	0	1.92
chrUn_KI270749v1	0.0758	158759	0.0000	0.5965	947	31	251	0.6081	0	2.68
chrUn_KI270750v1	0.0211	148850	0.0000	0.5233	779	44	30	0.5829	0	0.40
chrUn_KI270751v1	0.0637	150742	0.0000	1.4104	2126	86	141	0.5618	0	1.15
chrUn_KI270752v1	0.0000	27745	0.0000	0.0000	0	0	0	0.0000	0	0.00
chrUn_KI270753v1	0.0043	62944	0.0000	0.2320	146	3	5	0.4963	0	0.12
chrUn_KI270754v1	0.0597	40191	0.0000	1.8337	737	13	43	0.6197	0	0.79
chrUn_KI270755v1	0.0036	36723	0.0000	0.3594	132	1	2	0.5530	0	0.06
chrUn_KI270756v1	0.0028	79590	0.0000	0.0704	56	0	8	0.4643	0	0.11
chrUn_KI270757v1	0.0006	71251	0.0000	0.0618	44	0	1	0.4091	0	0.02
chrUn_GL000214v1	0.3021	137718	0.0000	2.4717	3404	411	576	0.6005	0	5.97
chrUn_KI270742v1	0.7078	186739	0.0000	4.2535	7943	834	2254	0.6063	0	18.11
chrUn_GL000216v2	0.0071	176608	0.0000	0.2214	391	12	21	0.6058	0	0.18
chrUn_GL000218v1	0.2364	161147	0.0000	1.7996	2900	689	244	0.6135	0	6.67
chrEBV	22.2168	171823	0.0000	59.0101	101393	45442	45425	0.6519	1	284.77
