#ID	Avg_fold	Length	Ref_GC	Covered_percent	Covered_bases	Plus_reads	Minus_reads	Read_GC	Median_fold	Std_Dev
chr1	0.3027	248956422	0.0000	9.8384	24493312	971420	1004144	0.5532	0	7.21
chr2	0.1906	242193529	0.0000	7.9673	19296275	625746	587708	0.5444	0	2.63
chr3	0.1795	198295559	0.0000	7.7025	15273675	456694	477528	0.5447	0	2.50
chr4	0.1220	190214555	0.0000	5.6422	10732240	311705	299164	0.5368	0	1.48
chr5	0.1886	181538259	0.0000	7.3637	13367888	461522	439102	0.5414	0	4.86
chr6	0.2349	170805979	0.0000	8.1419	13906803	547968	504961	0.5452	0	3.26
chr7	0.2388	159345973	0.0000	9.0962	14494439	500763	495665	0.5600	0	3.19
chr8	0.1583	145138636	0.0000	6.7887	9853057	288424	314300	0.5536	0	4.91
chr9	0.2173	138394717	0.0000	8.4866	11744963	384563	402813	0.5653	0	3.68
chr10	0.1984	133797422	0.0000	8.6893	11626125	366596	329580	0.5490	0	1.63
chr11	0.2586	135086622	0.0000	8.9547	12096575	457775	457360	0.5607	0	6.59
chr12	0.2552	133275309	0.0000	9.9268	13230002	456254	434747	0.5499	0	4.21
chr13	0.1103	114364328	0.0000	5.0706	5798907	158756	173513	0.5344	0	2.63
chr14	0.2163	107043718	0.0000	8.1182	8690043	300729	305940	0.5556	0	3.18
chr15	0.2198	101991189	0.0000	8.8664	9042920	301284	285738	0.5551	0	1.88
chr16	0.3792	90338345	0.0000	13.3640	12072775	486086	408304	0.5833	0	2.89
chr17	0.5770	83257441	0.0000	16.9715	14130020	581838	671886	0.5785	0	10.35
chr18	0.1291	80373285	0.0000	6.1467	4940270	138230	134326	0.5424	0	1.32
chr19	0.7015	58617616	0.0000	22.1068	12958493	590459	480995	0.5987	0	3.82
chr20	0.2720	64444167	0.0000	10.2571	6610118	231477	229039	0.5712	0	4.18
chr21	2.6555	46709983	0.0000	7.4071	3459846	3121602	114458	0.6741	0	99.51
chr22	0.3574	50818468	0.0000	12.7686	6488795	249538	224802	0.5889	0	2.87
chrX	0.1161	156040895	0.0000	5.1592	8050460	248548	229124	0.5460	0	2.60
chrY	0.0104	57227415	0.0000	0.4983	285153	8038	8907	0.5144	0	2.18
chrM	1096.2853	16569	0.0000	99.8974	16552	281206	202342	0.4652	898	917.45
chr1_KI270706v1_random	0.2454	175055	0.0000	15.3529	26876	748	392	0.4963	0	0.90
chr1_KI270707v1_random	0.2168	32032	0.0000	14.6572	4695	49	134	0.4928	0	0.61
chr1_KI270708v1_random	0.0926	127682	0.0000	6.4159	8192	270	60	0.4818	0	0.46
chr1_KI270709v1_random	0.0068	66860	0.0000	0.5923	396	8	4	0.4381	0	0.09
chr1_KI270710v1_random	0.0075	40176	0.0000	0.7467	300	5	3	0.5147	0	0.09
chr1_KI270711v1_random	0.2550	42210	0.0000	16.7638	7076	12	272	0.4852	0	0.68
chr1_KI270712v1_random	0.0923	176043	0.0000	5.6083	9873	224	211	0.5953	0	0.73
chr1_KI270713v1_random	12.0792	40745	0.0000	21.0627	8582	391	12399	0.5343	0	100.77
chr1_KI270714v1_random	0.1449	41717	0.0000	8.2964	3461	50	115	0.5365	0	0.63
chr2_KI270715v1_random	0.0000	161471	0.0000	0.0000	0	0	0	0.0000	0	0.00
chr2_KI270716v1_random	0.0000	153799	0.0000	0.0000	0	0	0	0.0000	0	0.00
chr3_GL000221v1_random	0.6295	155397	0.0000	18.3717	28549	394	2144	0.5744	0	6.59
chr4_GL000008v2_random	0.1718	209709	0.0000	8.1627	17118	784	165	0.5647	0	2.12
chr5_GL000208v1_random	0.0093	92689	0.0000	0.8663	803	15	7	0.4461	0	0.10
chr9_KI270717v1_random	0.1406	40062	0.0000	10.7683	4314	24	122	0.5040	0	0.46
chr9_KI270718v1_random	1.0477	38054	0.0000	40.4504	15393	75	966	0.5015	0	5.23
chr9_KI270719v1_random	0.4893	176845	0.0000	12.3719	21879	1140	1148	0.6172	0	3.50
chr9_KI270720v1_random	0.1198	39050	0.0000	9.1268	3564	34	95	0.4353	0	0.45
chr11_KI270721v1_random	0.4379	100316	0.0000	18.4417	18500	1092	42	0.6516	0	1.39
chr14_GL000009v2_random	0.2787	201709	0.0000	13.2027	26631	264	1225	0.5287	0	1.96
chr14_GL000225v1_random	0.0159	211173	0.0000	1.2890	2722	49	41	0.5521	0	0.16
chr14_KI270722v1_random	0.0660	194050	0.0000	4.5019	8736	280	75	0.4979	0	0.41
chr14_GL000194v1_random	0.6074	191469	0.0000	21.8385	41814	168	2850	0.5840	0	2.65
chr14_KI270723v1_random	0.0525	38115	0.0000	3.7072	1413	24	36	0.5037	0	0.33
chr14_KI270724v1_random	0.0815	39555	0.0000	4.0779	1613	55	34	0.5444	0	0.65
chr14_KI270725v1_random	0.0261	172810	0.0000	1.4166	2448	49	67	0.6074	0	0.42
chr14_KI270726v1_random	0.2125	43739	0.0000	6.1913	2708	100	153	0.5134	0	1.59
chr15_KI270727v1_random	0.0177	448248	0.0000	1.3838	6203	83	128	0.5225	0	0.18
chr16_KI270728v1_random	0.0350	1872759	0.0000	2.5081	46971	888	902	0.5379	0	0.31
chr17_GL000205v2_random	1.2601	185591	0.0000	33.9655	63037	1614	4583	0.5056	0	4.04
chr17_KI270729v1_random	0.0033	280839	0.0000	0.2884	810	14	11	0.4551	0	0.06
chr17_KI270730v1_random	0.0029	112551	0.0000	0.2674	301	7	3	0.4759	0	0.06
chr22_KI270731v1_random	0.1639	150754	0.0000	8.9775	13534	492	171	0.5811	0	0.79
chr22_KI270732v1_random	0.0282	41543	0.0000	2.2531	936	26	5	0.4589	0	0.21
chr22_KI270733v1_random	316.0689	179772	0.0000	31.4938	56617	1478511	630	0.6851	0	1064.89
chr22_KI270734v1_random	0.1817	165050	0.0000	8.3696	13814	385	404	0.6196	0	1.28
chr22_KI270735v1_random	0.0057	42811	0.0000	0.4695	201	1	5	0.4490	0	0.09
chr22_KI270736v1_random	0.0048	181920	0.0000	0.2556	465	10	16	0.4705	0	0.14
chr22_KI270737v1_random	0.0090	103838	0.0000	0.5239	544	8	15	0.5268	0	0.16
chr22_KI270738v1_random	0.0033	99375	0.0000	0.2918	290	3	6	0.4706	0	0.06
chr22_KI270739v1_random	0.0049	73985	0.0000	0.4474	331	9	2	0.4809	0	0.08
chrY_KI270740v1_random	0.0039	37240	0.0000	0.2202	82	3	1	0.5890	0	0.09
chrUn_KI270302v1	0.0000	2274	0.0000	0.0000	0	0	0	0.0000	0	0.00
chrUn_KI270304v1	0.0000	2165	0.0000	0.0000	0	0	0	0.0000	0	0.00
chrUn_KI270303v1	0.0000	1942	0.0000	0.0000	0	0	0	0.0000	0	0.00
chrUn_KI270305v1	0.0000	1472	0.0000	0.0000	0	0	0	0.0000	0	0.00
chrUn_KI270322v1	0.0000	21476	0.0000	0.0000	0	0	0	0.0000	0	0.00
chrUn_KI270320v1	0.0000	4416	0.0000	0.0000	0	0	0	0.0000	0	0.00
chrUn_KI270310v1	0.0000	1201	0.0000	0.0000	0	0	0	0.0000	0	0.00
chrUn_KI270316v1	0.0000	1444	0.0000	0.0000	0	0	0	0.0000	0	0.00
chrUn_KI270315v1	0.0000	2276	0.0000	0.0000	0	0	0	0.0000	0	0.00
chrUn_KI270312v1	0.0000	998	0.0000	0.0000	0	0	0	0.0000	0	0.00
chrUn_KI270311v1	0.0000	12399	0.0000	0.0000	0	0	0	0.0000	0	0.00
chrUn_KI270317v1	0.0000	37690	0.0000	0.0000	0	0	0	0.0000	0	0.00
chrUn_KI270412v1	0.0000	1179	0.0000	0.0000	0	0	0	0.0000	0	0.00
chrUn_KI270411v1	0.0000	2646	0.0000	0.0000	0	0	0	0.0000	0	0.00
chrUn_KI270414v1	0.0000	2489	0.0000	0.0000	0	0	0	0.0000	0	0.00
chrUn_KI270419v1	0.0000	1029	0.0000	0.0000	0	0	0	0.0000	0	0.00
chrUn_KI270418v1	0.0000	2145	0.0000	0.0000	0	0	0	0.0000	0	0.00
chrUn_KI270420v1	0.0000	2321	0.0000	0.0000	0	0	0	0.0000	0	0.00
chrUn_KI270424v1	0.0000	2140	0.0000	0.0000	0	0	0	0.0000	0	0.00
chrUn_KI270417v1	0.0000	2043	0.0000	0.0000	0	0	0	0.0000	0	0.00
chrUn_KI270422v1	0.0000	1445	0.0000	0.0000	0	0	0	0.0000	0	0.00
chrUn_KI270423v1	0.0000	981	0.0000	0.0000	0	0	0	0.0000	0	0.00
chrUn_KI270425v1	0.0000	1884	0.0000	0.0000	0	0	0	0.0000	0	0.00
chrUn_KI270429v1	0.0000	1361	0.0000	0.0000	0	0	0	0.0000	0	0.00
chrUn_KI270442v1	0.4114	392061	0.0000	2.7322	10712	779	3759	0.5384	0	12.68
chrUn_KI270466v1	0.0000	1233	0.0000	0.0000	0	0	0	0.0000	0	0.00
chrUn_KI270465v1	0.0000	1774	0.0000	0.0000	0	0	0	0.0000	0	0.00
chrUn_KI270467v1	0.0089	3920	0.0000	0.8929	35	1	0	0.1714	0	0.09
chrUn_KI270435v1	0.0050	92983	0.0000	0.4592	427	8	4	0.4089	0	0.08
chrUn_KI270438v1	0.0031	112505	0.0000	0.2507	282	2	8	0.4799	0	0.06
chrUn_KI270468v1	0.0217	4055	0.0000	2.1702	88	0	2	0.3636	0	0.15
chrUn_KI270510v1	0.0000	2415	0.0000	0.0000	0	0	0	0.0000	0	0.00
chrUn_KI270509v1	0.0108	2318	0.0000	1.0785	25	1	0	0.5200	0	0.10
chrUn_KI270518v1	0.0000	2186	0.0000	0.0000	0	0	0	0.0000	0	0.00
chrUn_KI270508v1	0.0979	1951	0.0000	7.5346	147	2	3	0.4293	0	0.37
chrUn_KI270516v1	0.0000	1300	0.0000	0.0000	0	0	0	0.0000	0	0.00
chrUn_KI270512v1	0.0215	22689	0.0000	1.9040	432	8	5	0.4286	0	0.16
chrUn_KI270519v1	0.0048	138126	0.0000	0.2541	351	2	14	0.4325	0	0.15
chrUn_KI270522v1	0.0000	5674	0.0000	0.0000	0	0	0	0.0000	0	0.00
chrUn_KI270511v1	0.0000	8127	0.0000	0.0000	0	0	0	0.0000	0	0.00
chrUn_KI270515v1	0.0039	6361	0.0000	0.3930	25	0	1	0.5200	0	0.06
chrUn_KI270507v1	0.0000	5353	0.0000	0.0000	0	0	0	0.0000	0	0.00
chrUn_KI270517v1	0.0000	3253	0.0000	0.0000	0	0	0	0.0000	0	0.00
chrUn_KI270529v1	0.0000	1899	0.0000	0.0000	0	0	0	0.0000	0	0.00
chrUn_KI270528v1	0.0000	2983	0.0000	0.0000	0	0	0	0.0000	0	0.00
chrUn_KI270530v1	0.0000	2168	0.0000	0.0000	0	0	0	0.0000	0	0.00
chrUn_KI270539v1	0.3384	993	0.0000	32.0242	318	6	3	0.7976	0	0.51
chrUn_KI270538v1	0.0014	91309	0.0000	0.0767	70	0	4	0.3492	0	0.06
chrUn_KI270544v1	0.0000	1202	0.0000	0.0000	0	0	0	0.0000	0	0.00
chrUn_KI270548v1	0.0000	1599	0.0000	0.0000	0	0	0	0.0000	0	0.00
chrUn_KI270583v1	0.0000	1400	0.0000	0.0000	0	0	0	0.0000	0	0.00
chrUn_KI270587v1	0.0000	2969	0.0000	0.0000	0	0	0	0.0000	0	0.00
chrUn_KI270580v1	0.0515	1553	0.0000	5.1513	80	1	1	0.3571	0	0.22
chrUn_KI270581v1	0.0571	7046	0.0000	3.2359	228	5	5	0.5222	0	0.34
chrUn_KI270579v1	0.0045	31033	0.0000	0.4511	140	3	1	0.4514	0	0.07
chrUn_KI270589v1	0.0040	44474	0.0000	0.3980	177	4	1	0.4270	0	0.06
chrUn_KI270590v1	0.0000	4685	0.0000	0.0000	0	0	0	0.0000	0	0.00
chrUn_KI270584v1	0.0097	4513	0.0000	0.9750	44	1	0	0.3864	0	0.10
chrUn_KI270582v1	0.0450	6504	0.0000	3.5670	232	6	1	0.4276	0	0.25
chrUn_KI270588v1	0.0000	6158	0.0000	0.0000	0	0	0	0.0000	0	0.00
chrUn_KI270593v1	0.0000	3041	0.0000	0.0000	0	0	0	0.0000	0	0.00
chrUn_KI270591v1	0.0000	5796	0.0000	0.0000	0	0	0	0.0000	0	0.00
chrUn_KI270330v1	0.4231	1652	0.0000	29.2373	483	2	15	0.5313	0	0.87
chrUn_KI270329v1	0.0000	1040	0.0000	0.0000	0	0	0	0.0000	0	0.00
chrUn_KI270334v1	0.0000	1368	0.0000	0.0000	0	0	0	0.0000	0	0.00
chrUn_KI270333v1	0.0000	2699	0.0000	0.0000	0	0	0	0.0000	0	0.00
chrUn_KI270335v1	0.0000	1048	0.0000	0.0000	0	0	0	0.0000	0	0.00
chrUn_KI270338v1	0.0000	1428	0.0000	0.0000	0	0	0	0.0000	0	0.00
chrUn_KI270340v1	0.0000	1428	0.0000	0.0000	0	0	0	0.0000	0	0.00
chrUn_KI270336v1	0.0000	1026	0.0000	0.0000	0	0	0	0.0000	0	0.00
chrUn_KI270337v1	0.0393	1121	0.0000	3.9251	44	0	1	0.2500	0	0.19
chrUn_KI270363v1	0.0000	1803	0.0000	0.0000	0	0	0	0.0000	0	0.00
chrUn_KI270364v1	0.0000	2855	0.0000	0.0000	0	0	0	0.0000	0	0.00
chrUn_KI270362v1	0.0000	3530	0.0000	0.0000	0	0	0	0.0000	0	0.00
chrUn_KI270366v1	0.0000	8320	0.0000	0.0000	0	0	0	0.0000	0	0.00
chrUn_KI270378v1	0.0000	1048	0.0000	0.0000	0	0	0	0.0000	0	0.00
chrUn_KI270379v1	0.1254	1045	0.0000	9.9522	104	3	0	0.3712	0	0.40
chrUn_KI270389v1	0.0000	1298	0.0000	0.0000	0	0	0	0.0000	0	0.00
chrUn_KI270390v1	0.0000	2387	0.0000	0.0000	0	0	0	0.0000	0	0.00
chrUn_KI270387v1	0.0000	1537	0.0000	0.0000	0	0	0	0.0000	0	0.00
chrUn_KI270395v1	0.0000	1143	0.0000	0.0000	0	0	0	0.0000	0	0.00
chrUn_KI270396v1	0.0000	1880	0.0000	0.0000	0	0	0	0.0000	0	0.00
chrUn_KI270388v1	0.0000	1216	0.0000	0.0000	0	0	0	0.0000	0	0.00
chrUn_KI270394v1	0.0000	970	0.0000	0.0000	0	0	0	0.0000	0	0.00
chrUn_KI270386v1	0.0000	1788	0.0000	0.0000	0	0	0	0.0000	0	0.00
chrUn_KI270391v1	0.0000	1484	0.0000	0.0000	0	0	0	0.0000	0	0.00
chrUn_KI270383v1	0.0000	1750	0.0000	0.0000	0	0	0	0.0000	0	0.00
chrUn_KI270393v1	0.0000	1308	0.0000	0.0000	0	0	0	0.0000	0	0.00
chrUn_KI270384v1	0.0000	1658	0.0000	0.0000	0	0	0	0.0000	0	0.00
chrUn_KI270392v1	0.0000	971	0.0000	0.0000	0	0	0	0.0000	0	0.00
chrUn_KI270381v1	0.0000	1930	0.0000	0.0000	0	0	0	0.0000	0	0.00
chrUn_KI270385v1	0.0000	990	0.0000	0.0000	0	0	0	0.0000	0	0.00
chrUn_KI270382v1	0.0000	4215	0.0000	0.0000	0	0	0	0.0000	0	0.00
chrUn_KI270376v1	0.0000	1136	0.0000	0.0000	0	0	0	0.0000	0	0.00
chrUn_KI270374v1	0.0000	2656	0.0000	0.0000	0	0	0	0.0000	0	0.00
chrUn_KI270372v1	0.0000	1650	0.0000	0.0000	0	0	0	0.0000	0	0.00
chrUn_KI270373v1	0.0000	1451	0.0000	0.0000	0	0	0	0.0000	0	0.00
chrUn_KI270375v1	0.0000	2378	0.0000	0.0000	0	0	0	0.0000	0	0.00
chrUn_KI270371v1	0.0000	2805	0.0000	0.0000	0	0	0	0.0000	0	0.00
chrUn_KI270448v1	0.0337	7992	0.0000	3.0155	241	0	7	0.4164	0	0.20
chrUn_KI270521v1	0.0534	7642	0.0000	3.9780	304	4	7	0.4706	0	0.30
chrUn_GL000195v1	1.1949	182896	0.0000	35.7394	65366	3205	2560	0.5060	0	3.34
chrUn_GL000219v1	0.2827	179198	0.0000	12.9148	23143	667	694	0.5289	0	1.62
chrUn_GL000220v1	348.6032	161802	0.0000	34.5144	55845	1468851	608	0.6852	0	1116.96
chrUn_GL000224v1	0.1492	179693	0.0000	10.6582	19152	642	71	0.5019	0	0.53
chrUn_KI270741v1	0.0882	157432	0.0000	6.7096	10563	320	50	0.4988	0	0.40
chrUn_GL000226v1	0.0000	15008	0.0000	0.0000	0	0	0	0.0000	0	0.00
chrUn_GL000213v1	0.0144	164239	0.0000	1.0515	1727	32	33	0.5366	0	0.17
chrUn_KI270743v1	0.2663	210658	0.0000	9.4390	19884	895	568	0.6036	0	3.26
chrUn_KI270744v1	0.2439	168472	0.0000	10.9193	18396	697	460	0.5524	0	3.51
chrUn_KI270745v1	0.3951	41891	0.0000	25.9220	10859	418	17	0.5327	0	0.84
chrUn_KI270746v1	0.0607	66486	0.0000	5.1545	3427	58	57	0.4109	0	0.29
chrUn_KI270747v1	0.0047	198735	0.0000	0.4373	869	4	22	0.4883	0	0.07
chrUn_KI270748v1	0.0499	93321	0.0000	3.5490	3312	93	27	0.5404	0	0.31
chrUn_KI270749v1	0.0274	158759	0.0000	1.1880	1886	56	58	0.6265	0	0.48
chrUn_KI270750v1	0.0374	148850	0.0000	2.2459	3343	83	67	0.5555	0	0.45
chrUn_KI270751v1	0.1078	150742	0.0000	6.2153	9369	107	338	0.5035	0	0.81
chrUn_KI270752v1	0.0041	27745	0.0000	0.3136	87	3	1	0.4530	0	0.08
chrUn_KI270753v1	0.0108	62944	0.0000	0.8071	508	14	4	0.5681	0	0.14
chrUn_KI270754v1	0.1358	40191	0.0000	2.6175	1052	24	113	0.6651	0	1.10
chrUn_KI270755v1	0.0152	36723	0.0000	1.2989	477	7	7	0.5295	0	0.14
chrUn_KI270756v1	0.0014	79590	0.0000	0.1395	111	1	2	0.4188	0	0.04
chrUn_KI270757v1	0.0031	71251	0.0000	0.2526	180	1	5	0.3894	0	0.07
chrUn_GL000214v1	0.1919	137718	0.0000	9.1019	12535	481	237	0.5404	0	1.12
chrUn_KI270742v1	0.6544	186739	0.0000	19.3704	36172	727	2489	0.5729	0	7.81
chrUn_GL000216v2	0.0187	176608	0.0000	1.4982	2646	35	54	0.5247	0	0.17
chrUn_GL000218v1	0.5544	161147	0.0000	20.7897	33502	191	2170	0.5729	0	2.49
chrEBV	36.1051	171823	0.0000	91.0612	156464	148438	13794	0.6566	10	77.26
