#ID	Avg_fold	Length	Ref_GC	Covered_percent	Covered_bases	Plus_reads	Minus_reads	Read_GC	Median_fold	Std_Dev
chr1	1.0890	248956422	0.0000	4.0952	10195179	3138911	3216291	0.5945	0	90.24
chr2	0.5649	242193529	0.0000	3.1862	7716677	1642534	1571225	0.6295	0	24.97
chr3	0.5560	198295559	0.0000	3.0729	6093365	1295122	1292490	0.6325	0	26.78
chr4	0.3514	190214555	0.0000	2.1573	4103490	800916	772057	0.6242	0	15.74
chr5	0.5560	181538259	0.0000	2.9553	5365039	1163731	1211613	0.6321	0	25.00
chr6	0.7245	170805979	0.0000	3.4149	5832833	1523193	1385090	0.6031	0	43.86
chr7	0.6695	159345973	0.0000	3.5536	5662553	1261171	1242739	0.6341	0	33.36
chr8	0.4500	145138636	0.0000	2.7064	3928002	776444	764600	0.6350	0	18.60
chr9	0.6347	138394717	0.0000	3.3381	4619820	1036268	1027055	0.6408	0	29.31
chr10	0.5879	133797422	0.0000	3.4409	4603843	953971	893617	0.6323	0	20.84
chr11	0.7430	135086622	0.0000	3.6702	4957992	1127209	1230214	0.6323	0	31.10
chr12	0.7806	133275309	0.0000	4.0294	5370188	1248540	1194914	0.6176	0	37.76
chr13	0.3268	114364328	0.0000	1.9839	2268849	428514	450778	0.6302	0	15.25
chr14	0.7376	107043718	0.0000	3.4633	3707239	931718	920185	0.6075	0	65.55
chr15	0.6955	101991189	0.0000	3.6252	3697390	841656	822890	0.6318	0	27.39
chr16	1.0134	90338345	0.0000	5.2824	4772012	1067019	1081863	0.6521	0	31.95
chr17	2.0172	83257441	0.0000	7.1225	5930003	1900916	2023506	0.5786	0	108.60
chr18	0.3633	80373285	0.0000	2.3358	1877379	342042	343999	0.6344	0	21.60
chr19	2.0925	58617616	0.0000	9.0476	5303468	1545239	1331954	0.6392	0	55.50
chr20	0.7742	64444167	0.0000	4.2106	2713507	608630	562619	0.6441	0	27.72
chr21	1.3692	46709983	0.0000	3.3387	1559503	1210967	328488	0.6677	0	120.35
chr22	0.9645	50818468	0.0000	5.0773	2580227	572771	577531	0.6439	0	29.01
chrX	0.2925	156040895	0.0000	2.0886	3259001	553023	522889	0.6140	0	14.23
chrY	0.0075	57227415	0.0000	0.1627	93082	5500	5167	0.5332	0	1.11
chrM	1051.9222	16569	0.0000	99.8431	16543	345708	104489	0.4415	669	3051.35
chr1_KI270706v1_random	0.2182	175055	0.0000	4.0010	7004	462	438	0.5380	0	3.95
chr1_KI270707v1_random	0.0795	32032	0.0000	3.6776	1178	25	38	0.5021	0	0.52
chr1_KI270708v1_random	0.0459	127682	0.0000	1.6032	2047	89	65	0.5090	0	0.51
chr1_KI270709v1_random	0.0064	66860	0.0000	0.3889	260	3	7	0.4341	0	0.12
chr1_KI270710v1_random	0.0078	40176	0.0000	0.4406	177	6	3	0.5804	0	0.14
chr1_KI270711v1_random	0.0873	42210	0.0000	3.9540	1669	23	71	0.4769	0	0.55
chr1_KI270712v1_random	0.1184	176043	0.0000	2.7221	4792	222	279	0.5818	0	1.74
chr1_KI270713v1_random	142.8479	40745	0.0000	14.0901	5741	4062	129550	0.4874	0	2161.31
chr1_KI270714v1_random	0.3221	41717	0.0000	3.9360	1642	75	249	0.5487	0	3.42
chr2_KI270715v1_random	0.0000	161471	0.0000	0.0000	0	0	0	0.0000	0	0.00
chr2_KI270716v1_random	0.0000	153799	0.0000	0.0000	0	0	0	0.0000	0	0.00
chr3_GL000221v1_random	0.7455	155397	0.0000	5.3051	8244	569	2137	0.6169	0	18.02
chr4_GL000008v2_random	0.1170	209709	0.0000	2.3652	4960	436	156	0.5856	0	2.15
chr5_GL000208v1_random	0.0052	92689	0.0000	0.1899	176	9	2	0.5124	0	0.14
chr9_KI270717v1_random	0.2300	40062	0.0000	6.9467	2783	57	166	0.5449	0	1.23
chr9_KI270718v1_random	8.9544	38054	0.0000	17.6880	6731	543	7296	0.6694	0	153.96
chr9_KI270719v1_random	1.0574	176845	0.0000	5.2204	9232	2741	1741	0.6527	0	11.13
chr9_KI270720v1_random	0.0446	39050	0.0000	2.1280	831	19	27	0.4184	0	0.34
chr11_KI270721v1_random	0.6993	100316	0.0000	4.6314	4646	1454	192	0.7027	0	20.44
chr14_GL000009v2_random	0.1327	201709	0.0000	2.5373	5118	287	357	0.5553	0	2.43
chr14_GL000225v1_random	0.0270	211173	0.0000	0.8619	1820	69	72	0.5797	0	0.47
chr14_KI270722v1_random	0.0364	194050	0.0000	1.2316	2390	81	98	0.5324	0	0.48
chr14_GL000194v1_random	0.2788	191469	0.0000	4.0174	7692	537	749	0.6031	0	4.46
chr14_KI270723v1_random	0.1816	38115	0.0000	3.0854	1176	74	100	0.5205	0	1.83
chr14_KI270724v1_random	0.2864	39555	0.0000	3.1804	1258	133	147	0.5439	0	3.21
chr14_KI270725v1_random	0.0345	172810	0.0000	1.1209	1937	76	67	0.5780	0	0.50
chr14_KI270726v1_random	1.4301	43739	0.0000	7.4556	3261	688	801	0.5356	0	24.28
chr15_KI270727v1_random	0.0888	448248	0.0000	1.2138	5441	265	665	0.6340	0	1.70
chr16_KI270728v1_random	0.1473	1872759	0.0000	1.4002	26222	2973	3544	0.6197	0	5.34
chr17_GL000205v2_random	7.4181	185591	0.0000	17.5628	32595	17239	15429	0.5571	0	65.27
chr17_KI270729v1_random	0.0068	280839	0.0000	0.2635	740	37	12	0.4753	0	0.17
chr17_KI270730v1_random	0.0027	112551	0.0000	0.0897	101	5	4	0.5261	0	0.09
chr22_KI270731v1_random	0.2988	150754	0.0000	3.8480	5801	356	709	0.6391	0	6.64
chr22_KI270732v1_random	0.0087	41543	0.0000	0.4550	189	10	0	0.5656	0	0.14
chr22_KI270733v1_random	98.5658	179772	0.0000	28.4054	51065	428819	5163	0.6960	0	1190.20
chr22_KI270734v1_random	0.5521	165050	0.0000	4.3872	7241	937	1197	0.6616	0	11.28
chr22_KI270735v1_random	0.0114	42811	0.0000	0.5466	234	7	5	0.4656	0	0.18
chr22_KI270736v1_random	0.0026	181920	0.0000	0.1083	197	2	10	0.4387	0	0.08
chr22_KI270737v1_random	0.0066	103838	0.0000	0.3197	332	2	16	0.4687	0	0.15
chr22_KI270738v1_random	0.0031	99375	0.0000	0.1771	176	3	4	0.4838	0	0.08
chr22_KI270739v1_random	0.0052	73985	0.0000	0.3420	253	3	6	0.3769	0	0.10
chrY_KI270740v1_random	0.0000	37240	0.0000	0.0000	0	0	0	0.0000	0	0.00
chrUn_KI270302v1	0.0000	2274	0.0000	0.0000	0	0	0	0.0000	0	0.00
chrUn_KI270304v1	0.0000	2165	0.0000	0.0000	0	0	0	0.0000	0	0.00
chrUn_KI270303v1	0.0000	1942	0.0000	0.0000	0	0	0	0.0000	0	0.00
chrUn_KI270305v1	0.0000	1472	0.0000	0.0000	0	0	0	0.0000	0	0.00
chrUn_KI270322v1	0.0000	21476	0.0000	0.0000	0	0	0	0.0000	0	0.00
chrUn_KI270320v1	0.0000	4416	0.0000	0.0000	0	0	0	0.0000	0	0.00
chrUn_KI270310v1	0.0000	1201	0.0000	0.0000	0	0	0	0.0000	0	0.00
chrUn_KI270316v1	0.0000	1444	0.0000	0.0000	0	0	0	0.0000	0	0.00
chrUn_KI270315v1	0.0000	2276	0.0000	0.0000	0	0	0	0.0000	0	0.00
chrUn_KI270312v1	0.0000	998	0.0000	0.0000	0	0	0	0.0000	0	0.00
chrUn_KI270311v1	0.0000	12399	0.0000	0.0000	0	0	0	0.0000	0	0.00
chrUn_KI270317v1	0.0000	37690	0.0000	0.0000	0	0	0	0.0000	0	0.00
chrUn_KI270412v1	0.0000	1179	0.0000	0.0000	0	0	0	0.0000	0	0.00
chrUn_KI270411v1	0.0000	2646	0.0000	0.0000	0	0	0	0.0000	0	0.00
chrUn_KI270414v1	0.0000	2489	0.0000	0.0000	0	0	0	0.0000	0	0.00
chrUn_KI270419v1	0.0000	1029	0.0000	0.0000	0	0	0	0.0000	0	0.00
chrUn_KI270418v1	0.0000	2145	0.0000	0.0000	0	0	0	0.0000	0	0.00
chrUn_KI270420v1	0.0000	2321	0.0000	0.0000	0	0	0	0.0000	0	0.00
chrUn_KI270424v1	0.0000	2140	0.0000	0.0000	0	0	0	0.0000	0	0.00
chrUn_KI270417v1	0.0000	2043	0.0000	0.0000	0	0	0	0.0000	0	0.00
chrUn_KI270422v1	0.0000	1445	0.0000	0.0000	0	0	0	0.0000	0	0.00
chrUn_KI270423v1	0.0000	981	0.0000	0.0000	0	0	0	0.0000	0	0.00
chrUn_KI270425v1	0.0000	1884	0.0000	0.0000	0	0	0	0.0000	0	0.00
chrUn_KI270429v1	0.0000	1361	0.0000	0.0000	0	0	0	0.0000	0	0.00
chrUn_KI270442v1	0.7204	392061	0.0000	1.5666	6142	2019	4762	0.6117	0	20.98
chrUn_KI270466v1	0.0000	1233	0.0000	0.0000	0	0	0	0.0000	0	0.00
chrUn_KI270465v1	0.0000	1774	0.0000	0.0000	0	0	0	0.0000	0	0.00
chrUn_KI270467v1	0.0000	3920	0.0000	0.0000	0	0	0	0.0000	0	0.00
chrUn_KI270435v1	0.0014	92983	0.0000	0.1409	131	1	2	0.4697	0	0.04
chrUn_KI270438v1	0.0035	112505	0.0000	0.1458	164	10	0	0.3954	0	0.11
chrUn_KI270468v1	0.0000	4055	0.0000	0.0000	0	0	0	0.0000	0	0.00
chrUn_KI270510v1	0.0000	2415	0.0000	0.0000	0	0	0	0.0000	0	0.00
chrUn_KI270509v1	0.0000	2318	0.0000	0.0000	0	0	0	0.0000	0	0.00
chrUn_KI270518v1	0.0000	2186	0.0000	0.0000	0	0	0	0.0000	0	0.00
chrUn_KI270508v1	0.0000	1951	0.0000	0.0000	0	0	0	0.0000	0	0.00
chrUn_KI270516v1	0.0000	1300	0.0000	0.0000	0	0	0	0.0000	0	0.00
chrUn_KI270512v1	0.0097	22689	0.0000	0.4672	106	0	5	0.3500	0	0.15
chrUn_KI270519v1	0.0031	138126	0.0000	0.1499	207	2	8	0.3583	0	0.09
chrUn_KI270522v1	0.0000	5674	0.0000	0.0000	0	0	0	0.0000	0	0.00
chrUn_KI270511v1	0.0217	8127	0.0000	0.5414	44	4	0	0.3409	0	0.29
chrUn_KI270515v1	0.0000	6361	0.0000	0.0000	0	0	0	0.0000	0	0.00
chrUn_KI270507v1	0.0000	5353	0.0000	0.0000	0	0	0	0.0000	0	0.00
chrUn_KI270517v1	0.0000	3253	0.0000	0.0000	0	0	0	0.0000	0	0.00
chrUn_KI270529v1	0.0000	1899	0.0000	0.0000	0	0	0	0.0000	0	0.00
chrUn_KI270528v1	0.0000	2983	0.0000	0.0000	0	0	0	0.0000	0	0.00
chrUn_KI270530v1	0.0000	2168	0.0000	0.0000	0	0	0	0.0000	0	0.00
chrUn_KI270539v1	0.0000	993	0.0000	0.0000	0	0	0	0.0000	0	0.00
chrUn_KI270538v1	0.0034	91309	0.0000	0.1928	176	0	7	0.4123	0	0.08
chrUn_KI270544v1	0.0000	1202	0.0000	0.0000	0	0	0	0.0000	0	0.00
chrUn_KI270548v1	0.0000	1599	0.0000	0.0000	0	0	0	0.0000	0	0.00
chrUn_KI270583v1	0.0000	1400	0.0000	0.0000	0	0	0	0.0000	0	0.00
chrUn_KI270587v1	0.0000	2969	0.0000	0.0000	0	0	0	0.0000	0	0.00
chrUn_KI270580v1	0.0000	1553	0.0000	0.0000	0	0	0	0.0000	0	0.00
chrUn_KI270581v1	0.0000	7046	0.0000	0.0000	0	0	0	0.0000	0	0.00
chrUn_KI270579v1	0.0000	31033	0.0000	0.0000	0	0	0	0.0000	0	0.00
chrUn_KI270589v1	0.0000	44474	0.0000	0.0000	0	0	0	0.0000	0	0.00
chrUn_KI270590v1	0.0000	4685	0.0000	0.0000	0	0	0	0.0000	0	0.00
chrUn_KI270584v1	0.0000	4513	0.0000	0.0000	0	0	0	0.0000	0	0.00
chrUn_KI270582v1	0.0000	6504	0.0000	0.0000	0	0	0	0.0000	0	0.00
chrUn_KI270588v1	0.0000	6158	0.0000	0.0000	0	0	0	0.0000	0	0.00
chrUn_KI270593v1	0.0000	3041	0.0000	0.0000	0	0	0	0.0000	0	0.00
chrUn_KI270591v1	0.0000	5796	0.0000	0.0000	0	0	0	0.0000	0	0.00
chrUn_KI270330v1	0.0000	1652	0.0000	0.0000	0	0	0	0.0000	0	0.00
chrUn_KI270329v1	0.0000	1040	0.0000	0.0000	0	0	0	0.0000	0	0.00
chrUn_KI270334v1	0.0000	1368	0.0000	0.0000	0	0	0	0.0000	0	0.00
chrUn_KI270333v1	0.0326	2699	0.0000	3.2605	88	2	0	0.2500	0	0.18
chrUn_KI270335v1	0.0000	1048	0.0000	0.0000	0	0	0	0.0000	0	0.00
chrUn_KI270338v1	0.0000	1428	0.0000	0.0000	0	0	0	0.0000	0	0.00
chrUn_KI270340v1	0.0000	1428	0.0000	0.0000	0	0	0	0.0000	0	0.00
chrUn_KI270336v1	0.0429	1026	0.0000	4.2885	44	1	0	0.2500	0	0.20
chrUn_KI270337v1	0.0000	1121	0.0000	0.0000	0	0	0	0.0000	0	0.00
chrUn_KI270363v1	0.0000	1803	0.0000	0.0000	0	0	0	0.0000	0	0.00
chrUn_KI270364v1	0.0000	2855	0.0000	0.0000	0	0	0	0.0000	0	0.00
chrUn_KI270362v1	0.0000	3530	0.0000	0.0000	0	0	0	0.0000	0	0.00
chrUn_KI270366v1	0.0000	8320	0.0000	0.0000	0	0	0	0.0000	0	0.00
chrUn_KI270378v1	0.0000	1048	0.0000	0.0000	0	0	0	0.0000	0	0.00
chrUn_KI270379v1	0.0000	1045	0.0000	0.0000	0	0	0	0.0000	0	0.00
chrUn_KI270389v1	0.0000	1298	0.0000	0.0000	0	0	0	0.0000	0	0.00
chrUn_KI270390v1	0.0000	2387	0.0000	0.0000	0	0	0	0.0000	0	0.00
chrUn_KI270387v1	0.0000	1537	0.0000	0.0000	0	0	0	0.0000	0	0.00
chrUn_KI270395v1	0.0000	1143	0.0000	0.0000	0	0	0	0.0000	0	0.00
chrUn_KI270396v1	0.0000	1880	0.0000	0.0000	0	0	0	0.0000	0	0.00
chrUn_KI270388v1	0.0000	1216	0.0000	0.0000	0	0	0	0.0000	0	0.00
chrUn_KI270394v1	0.0000	970	0.0000	0.0000	0	0	0	0.0000	0	0.00
chrUn_KI270386v1	0.0000	1788	0.0000	0.0000	0	0	0	0.0000	0	0.00
chrUn_KI270391v1	0.0000	1484	0.0000	0.0000	0	0	0	0.0000	0	0.00
chrUn_KI270383v1	0.0000	1750	0.0000	0.0000	0	0	0	0.0000	0	0.00
chrUn_KI270393v1	0.0000	1308	0.0000	0.0000	0	0	0	0.0000	0	0.00
chrUn_KI270384v1	0.0000	1658	0.0000	0.0000	0	0	0	0.0000	0	0.00
chrUn_KI270392v1	0.0000	971	0.0000	0.0000	0	0	0	0.0000	0	0.00
chrUn_KI270381v1	0.0000	1930	0.0000	0.0000	0	0	0	0.0000	0	0.00
chrUn_KI270385v1	0.0000	990	0.0000	0.0000	0	0	0	0.0000	0	0.00
chrUn_KI270382v1	0.0000	4215	0.0000	0.0000	0	0	0	0.0000	0	0.00
chrUn_KI270376v1	0.0000	1136	0.0000	0.0000	0	0	0	0.0000	0	0.00
chrUn_KI270374v1	0.0000	2656	0.0000	0.0000	0	0	0	0.0000	0	0.00
chrUn_KI270372v1	0.0000	1650	0.0000	0.0000	0	0	0	0.0000	0	0.00
chrUn_KI270373v1	0.0000	1451	0.0000	0.0000	0	0	0	0.0000	0	0.00
chrUn_KI270375v1	0.0000	2378	0.0000	0.0000	0	0	0	0.0000	0	0.00
chrUn_KI270371v1	0.0000	2805	0.0000	0.0000	0	0	0	0.0000	0	0.00
chrUn_KI270448v1	0.0368	7992	0.0000	1.4765	118	0	8	0.3919	0	0.33
chrUn_KI270521v1	0.0416	7642	0.0000	2.4208	185	1	7	0.4438	0	0.31
chrUn_GL000195v1	4.3228	182896	0.0000	19.3257	35346	11562	7037	0.5787	0	45.15
chrUn_GL000219v1	2.2375	179198	0.0000	6.9610	12474	4546	4997	0.6516	0	47.10
chrUn_GL000220v1	112.6123	161802	0.0000	31.1201	50353	438233	6646	0.7027	0	1431.08
chrUn_GL000224v1	0.1098	179693	0.0000	2.4937	4481	407	75	0.5542	0	2.18
chrUn_KI270741v1	0.1124	157432	0.0000	2.1838	3438	376	60	0.5591	0	2.32
chrUn_GL000226v1	0.0000	15008	0.0000	0.0000	0	0	0	0.0000	0	0.00
chrUn_GL000213v1	0.0197	164239	0.0000	0.6466	1062	38	40	0.5846	0	0.35
chrUn_KI270743v1	0.1976	210658	0.0000	2.5591	5391	685	315	0.5939	0	2.97
chrUn_KI270744v1	0.2911	168472	0.0000	5.3653	9039	631	542	0.5363	0	3.01
chrUn_KI270745v1	0.2251	41891	0.0000	9.1141	3818	177	48	0.5171	0	1.10
chrUn_KI270746v1	0.0188	66486	0.0000	1.0799	718	22	11	0.4061	0	0.22
chrUn_KI270747v1	0.0108	198735	0.0000	0.3864	768	5	45	0.4864	0	0.32
chrUn_KI270748v1	0.3696	93321	0.0000	3.3272	3105	687	120	0.6964	0	8.05
chrUn_KI270749v1	0.0501	158759	0.0000	0.9587	1522	64	128	0.6170	0	1.08
chrUn_KI270750v1	0.0366	148850	0.0000	0.9150	1362	68	68	0.5935	0	0.64
chrUn_KI270751v1	0.0539	150742	0.0000	1.5198	2291	79	122	0.5256	0	0.81
chrUn_KI270752v1	0.0000	27745	0.0000	0.0000	0	0	0	0.0000	0	0.00
chrUn_KI270753v1	0.0091	62944	0.0000	0.5608	353	9	4	0.5297	0	0.14
chrUn_KI270754v1	0.1379	40191	0.0000	1.6123	648	64	64	0.5920	0	2.27
chrUn_KI270755v1	0.0184	36723	0.0000	0.7298	268	9	7	0.5814	0	0.25
chrUn_KI270756v1	0.0000	79590	0.0000	0.0000	0	0	0	0.0000	0	0.00
chrUn_KI270757v1	0.0000	71251	0.0000	0.0000	0	0	0	0.0000	0	0.00
chrUn_GL000214v1	0.2546	137718	0.0000	2.6583	3661	328	506	0.5791	0	4.98
chrUn_KI270742v1	0.6227	186739	0.0000	4.4934	8391	608	2106	0.6171	0	16.51
chrUn_GL000216v2	0.0138	176608	0.0000	0.7265	1283	17	48	0.5365	0	0.19
chrUn_GL000218v1	0.3536	161147	0.0000	3.8431	6193	543	820	0.5946	0	6.20
chrEBV	23.7094	171823	0.0000	66.6872	114584	62773	35027	0.6574	3	225.28
