#ID	Avg_fold	Length	Ref_GC	Covered_percent	Covered_bases	Plus_reads	Minus_reads	Read_GC	Median_fold	Std_Dev
chr1	1.0903	248956422	0.0000	3.5221	8768562	3143909	3184494	0.6119	0	89.20
chr2	0.6361	242193529	0.0000	2.7149	6575224	1821370	1773632	0.6386	0	30.34
chr3	0.6155	198295559	0.0000	2.6365	5228151	1442560	1404586	0.6407	0	27.59
chr4	0.3888	190214555	0.0000	1.8150	3452378	877238	850939	0.6361	0	18.04
chr5	0.6221	181538259	0.0000	2.4724	4488332	1276176	1361583	0.6431	0	29.02
chr6	0.7981	170805979	0.0000	3.0293	5174262	1632669	1554329	0.6142	0	47.20
chr7	0.7512	159345973	0.0000	2.9397	4684347	1389611	1400721	0.6446	0	40.36
chr8	0.5060	145138636	0.0000	2.3747	3446611	848912	867169	0.6447	0	19.95
chr9	0.7421	138394717	0.0000	2.8733	3976436	1198695	1197314	0.6473	0	36.04
chr10	0.6639	133797422	0.0000	2.9696	3973248	1081028	990724	0.6410	0	24.31
chr11	0.8378	135086622	0.0000	3.1350	4234961	1250668	1389215	0.6429	0	36.52
chr12	0.8681	133275309	0.0000	3.4214	4559853	1375066	1326364	0.6275	0	40.02
chr13	0.3644	114364328	0.0000	1.6725	1912698	479331	494430	0.6414	0	17.22
chr14	0.7626	107043718	0.0000	2.9434	3150706	952477	952060	0.6218	0	66.60
chr15	0.7895	101991189	0.0000	3.1561	3218918	961252	916221	0.6389	0	32.64
chr16	1.1281	90338345	0.0000	4.4072	3981375	1183686	1190752	0.6590	0	35.75
chr17	2.0297	83257441	0.0000	6.0674	5051544	1907439	2024066	0.6022	0	110.77
chr18	0.3996	80373285	0.0000	2.0023	1609334	369850	380488	0.6432	0	22.21
chr19	2.3593	58617616	0.0000	7.7247	4528064	1735231	1488514	0.6448	0	67.17
chr20	0.8914	64444167	0.0000	3.6819	2372766	692336	647032	0.6506	0	33.91
chr21	1.0187	46709983	0.0000	2.9162	1362136	738735	391902	0.6492	0	48.25
chr22	1.0961	50818468	0.0000	4.3356	2203298	637446	660686	0.6499	0	33.56
chrX	0.3283	156040895	0.0000	1.8194	2838999	615270	582653	0.6253	0	16.16
chrY	0.0070	57227415	0.0000	0.1377	78811	5047	4821	0.5577	0	0.73
chrM	557.1757	16569	0.0000	99.7646	16530	208105	38951	0.4457	290	2808.75
chr1_KI270706v1_random	0.5429	175055	0.0000	6.3437	11105	867	1371	0.5513	0	12.42
chr1_KI270707v1_random	0.1640	32032	0.0000	6.1844	1981	71	52	0.4960	0	1.01
chr1_KI270708v1_random	0.0788	127682	0.0000	2.0175	2576	74	170	0.5067	0	1.26
chr1_KI270709v1_random	0.0038	66860	0.0000	0.1825	122	6	0	0.4488	0	0.10
chr1_KI270710v1_random	0.0049	40176	0.0000	0.2962	119	3	2	0.5787	0	0.09
chr1_KI270711v1_random	0.0446	42210	0.0000	1.8645	787	26	20	0.5252	0	0.59
chr1_KI270712v1_random	0.1355	176043	0.0000	2.2557	3971	262	301	0.6244	0	2.17
chr1_KI270713v1_random	95.6477	40745	0.0000	11.3094	4608	3243	86305	0.4878	0	2158.07
chr1_KI270714v1_random	0.3647	41717	0.0000	4.1278	1722	106	252	0.5722	0	3.62
chr2_KI270715v1_random	0.0000	161471	0.0000	0.0000	0	0	0	0.0000	0	0.00
chr2_KI270716v1_random	0.0000	153799	0.0000	0.0000	0	0	0	0.0000	0	0.00
chr3_GL000221v1_random	1.9411	155397	0.0000	7.7994	12120	1529	5476	0.6201	0	46.76
chr4_GL000008v2_random	0.1404	209709	0.0000	3.1458	6597	457	271	0.5551	0	1.80
chr5_GL000208v1_random	0.0283	92689	0.0000	0.3798	352	55	6	0.5066	0	1.02
chr9_KI270717v1_random	0.1339	40062	0.0000	5.6238	2253	23	104	0.5280	0	0.81
chr9_KI270718v1_random	6.3594	38054	0.0000	13.1103	4989	620	4947	0.6590	0	103.39
chr9_KI270719v1_random	1.6876	176845	0.0000	4.7041	8319	4767	2271	0.6653	0	21.70
chr9_KI270720v1_random	0.0290	39050	0.0000	1.7311	676	5	26	0.4239	0	0.24
chr11_KI270721v1_random	0.7408	100316	0.0000	4.0033	4016	1411	331	0.7035	0	20.84
chr14_GL000009v2_random	0.2005	201709	0.0000	3.7941	7653	458	506	0.5559	0	3.61
chr14_GL000225v1_random	0.0335	211173	0.0000	1.5367	3245	97	75	0.5456	0	0.35
chr14_KI270722v1_random	0.0663	194050	0.0000	1.4775	2867	90	225	0.5011	0	1.07
chr14_GL000194v1_random	0.4871	191469	0.0000	4.6859	8972	964	1234	0.6109	0	8.01
chr14_KI270723v1_random	0.3212	38115	0.0000	4.2529	1621	92	203	0.5514	0	3.71
chr14_KI270724v1_random	0.4088	39555	0.0000	3.1728	1255	185	205	0.5499	0	4.93
chr14_KI270725v1_random	0.0509	172810	0.0000	0.9074	1568	64	142	0.6227	0	1.33
chr14_KI270726v1_random	0.1744	43739	0.0000	3.7495	1640	116	71	0.5475	0	1.39
chr15_KI270727v1_random	0.1595	448248	0.0000	1.5628	7005	607	1058	0.6448	0	3.09
chr16_KI270728v1_random	0.0704	1872759	0.0000	1.2228	22901	1293	1869	0.5517	0	1.80
chr17_GL000205v2_random	10.0130	185591	0.0000	17.2643	32041	23464	20327	0.5589	0	80.67
chr17_KI270729v1_random	0.0095	280839	0.0000	0.0833	234	11	50	0.5171	0	0.57
chr17_KI270730v1_random	0.0000	112551	0.0000	0.0000	0	0	0	0.0000	0	0.00
chr22_KI270731v1_random	0.3573	150754	0.0000	3.9754	5993	404	861	0.6318	0	8.03
chr22_KI270732v1_random	0.0064	41543	0.0000	0.2744	114	6	1	0.5720	0	0.14
chr22_KI270733v1_random	44.9980	179772	0.0000	25.2542	45400	193046	4961	0.6936	0	605.91
chr22_KI270734v1_random	0.7853	165050	0.0000	4.5162	7454	1176	1827	0.6641	0	17.79
chr22_KI270735v1_random	0.0013	42811	0.0000	0.0631	27	2	0	0.6296	0	0.05
chr22_KI270736v1_random	0.0005	181920	0.0000	0.0467	85	0	2	0.5765	0	0.02
chr22_KI270737v1_random	0.0012	103838	0.0000	0.1175	122	0	3	0.3607	0	0.03
chr22_KI270738v1_random	0.0004	99375	0.0000	0.0443	44	0	1	0.3864	0	0.02
chr22_KI270739v1_random	0.0036	73985	0.0000	0.2838	210	6	2	0.4624	0	0.07
chrY_KI270740v1_random	0.0000	37240	0.0000	0.0000	0	0	0	0.0000	0	0.00
chrUn_KI270302v1	0.0000	2274	0.0000	0.0000	0	0	0	0.0000	0	0.00
chrUn_KI270304v1	0.0406	2165	0.0000	2.0323	44	2	0	0.4545	0	0.28
chrUn_KI270303v1	0.0000	1942	0.0000	0.0000	0	0	0	0.0000	0	0.00
chrUn_KI270305v1	0.0000	1472	0.0000	0.0000	0	0	0	0.0000	0	0.00
chrUn_KI270322v1	0.0000	21476	0.0000	0.0000	0	0	0	0.0000	0	0.00
chrUn_KI270320v1	0.0000	4416	0.0000	0.0000	0	0	0	0.0000	0	0.00
chrUn_KI270310v1	0.0000	1201	0.0000	0.0000	0	0	0	0.0000	0	0.00
chrUn_KI270316v1	0.0000	1444	0.0000	0.0000	0	0	0	0.0000	0	0.00
chrUn_KI270315v1	0.0000	2276	0.0000	0.0000	0	0	0	0.0000	0	0.00
chrUn_KI270312v1	0.0000	998	0.0000	0.0000	0	0	0	0.0000	0	0.00
chrUn_KI270311v1	0.0000	12399	0.0000	0.0000	0	0	0	0.0000	0	0.00
chrUn_KI270317v1	0.0000	37690	0.0000	0.0000	0	0	0	0.0000	0	0.00
chrUn_KI270412v1	0.0000	1179	0.0000	0.0000	0	0	0	0.0000	0	0.00
chrUn_KI270411v1	0.0000	2646	0.0000	0.0000	0	0	0	0.0000	0	0.00
chrUn_KI270414v1	0.0000	2489	0.0000	0.0000	0	0	0	0.0000	0	0.00
chrUn_KI270419v1	0.0000	1029	0.0000	0.0000	0	0	0	0.0000	0	0.00
chrUn_KI270418v1	0.0811	2145	0.0000	6.1072	131	0	4	0.4023	0	0.34
chrUn_KI270420v1	0.0190	2321	0.0000	1.8957	44	0	1	0.4419	0	0.14
chrUn_KI270424v1	0.0000	2140	0.0000	0.0000	0	0	0	0.0000	0	0.00
chrUn_KI270417v1	0.0000	2043	0.0000	0.0000	0	0	0	0.0000	0	0.00
chrUn_KI270422v1	0.0900	1445	0.0000	6.0208	87	0	3	0.3893	0	0.38
chrUn_KI270423v1	0.0000	981	0.0000	0.0000	0	0	0	0.0000	0	0.00
chrUn_KI270425v1	0.0000	1884	0.0000	0.0000	0	0	0	0.0000	0	0.00
chrUn_KI270429v1	0.0000	1361	0.0000	0.0000	0	0	0	0.0000	0	0.00
chrUn_KI270442v1	0.9356	392061	0.0000	1.6214	6357	2341	6379	0.6393	0	34.28
chrUn_KI270466v1	0.0000	1233	0.0000	0.0000	0	0	0	0.0000	0	0.00
chrUn_KI270465v1	0.0237	1774	0.0000	2.3675	42	1	0	0.4091	0	0.15
chrUn_KI270467v1	0.0000	3920	0.0000	0.0000	0	0	0	0.0000	0	0.00
chrUn_KI270435v1	0.0029	92983	0.0000	0.1818	169	1	6	0.4209	0	0.08
chrUn_KI270438v1	0.0000	112505	0.0000	0.0000	0	0	0	0.0000	0	0.00
chrUn_KI270468v1	0.0000	4055	0.0000	0.0000	0	0	0	0.0000	0	0.00
chrUn_KI270510v1	0.0000	2415	0.0000	0.0000	0	0	0	0.0000	0	0.00
chrUn_KI270509v1	0.0000	2318	0.0000	0.0000	0	0	0	0.0000	0	0.00
chrUn_KI270518v1	0.0000	2186	0.0000	0.0000	0	0	0	0.0000	0	0.00
chrUn_KI270508v1	0.0000	1951	0.0000	0.0000	0	0	0	0.0000	0	0.00
chrUn_KI270516v1	0.0000	1300	0.0000	0.0000	0	0	0	0.0000	0	0.00
chrUn_KI270512v1	0.0097	22689	0.0000	0.5818	132	5	0	0.5364	0	0.15
chrUn_KI270519v1	0.0045	138126	0.0000	0.2063	285	8	7	0.4968	0	0.11
chrUn_KI270522v1	0.0000	5674	0.0000	0.0000	0	0	0	0.0000	0	0.00
chrUn_KI270511v1	0.0000	8127	0.0000	0.0000	0	0	0	0.0000	0	0.00
chrUn_KI270515v1	0.0000	6361	0.0000	0.0000	0	0	0	0.0000	0	0.00
chrUn_KI270507v1	0.0000	5353	0.0000	0.0000	0	0	0	0.0000	0	0.00
chrUn_KI270517v1	0.0000	3253	0.0000	0.0000	0	0	0	0.0000	0	0.00
chrUn_KI270529v1	0.0000	1899	0.0000	0.0000	0	0	0	0.0000	0	0.00
chrUn_KI270528v1	0.0000	2983	0.0000	0.0000	0	0	0	0.0000	0	0.00
chrUn_KI270530v1	0.0000	2168	0.0000	0.0000	0	0	0	0.0000	0	0.00
chrUn_KI270539v1	0.0000	993	0.0000	0.0000	0	0	0	0.0000	0	0.00
chrUn_KI270538v1	0.0005	91309	0.0000	0.0482	44	1	0	0.5455	0	0.02
chrUn_KI270544v1	0.0000	1202	0.0000	0.0000	0	0	0	0.0000	0	0.00
chrUn_KI270548v1	0.0000	1599	0.0000	0.0000	0	0	0	0.0000	0	0.00
chrUn_KI270583v1	0.0629	1400	0.0000	3.1429	44	2	0	0.3409	0	0.35
chrUn_KI270587v1	0.0000	2969	0.0000	0.0000	0	0	0	0.0000	0	0.00
chrUn_KI270580v1	0.0000	1553	0.0000	0.0000	0	0	0	0.0000	0	0.00
chrUn_KI270581v1	0.0062	7046	0.0000	0.6245	44	1	0	0.5455	0	0.08
chrUn_KI270579v1	0.0000	31033	0.0000	0.0000	0	0	0	0.0000	0	0.00
chrUn_KI270589v1	0.0000	44474	0.0000	0.0000	0	0	0	0.0000	0	0.00
chrUn_KI270590v1	0.0000	4685	0.0000	0.0000	0	0	0	0.0000	0	0.00
chrUn_KI270584v1	0.0000	4513	0.0000	0.0000	0	0	0	0.0000	0	0.00
chrUn_KI270582v1	0.0068	6504	0.0000	0.6765	44	1	0	0.5682	0	0.08
chrUn_KI270588v1	0.0000	6158	0.0000	0.0000	0	0	0	0.0000	0	0.00
chrUn_KI270593v1	0.0145	3041	0.0000	1.4469	44	0	1	0.4773	0	0.12
chrUn_KI270591v1	0.0000	5796	0.0000	0.0000	0	0	0	0.0000	0	0.00
chrUn_KI270330v1	0.0266	1652	0.0000	2.6634	44	0	1	0.3409	0	0.16
chrUn_KI270329v1	0.0000	1040	0.0000	0.0000	0	0	0	0.0000	0	0.00
chrUn_KI270334v1	0.0000	1368	0.0000	0.0000	0	0	0	0.0000	0	0.00
chrUn_KI270333v1	0.0000	2699	0.0000	0.0000	0	0	0	0.0000	0	0.00
chrUn_KI270335v1	0.0000	1048	0.0000	0.0000	0	0	0	0.0000	0	0.00
chrUn_KI270338v1	0.0000	1428	0.0000	0.0000	0	0	0	0.0000	0	0.00
chrUn_KI270340v1	0.0000	1428	0.0000	0.0000	0	0	0	0.0000	0	0.00
chrUn_KI270336v1	0.0000	1026	0.0000	0.0000	0	0	0	0.0000	0	0.00
chrUn_KI270337v1	0.0785	1121	0.0000	3.9251	44	2	0	0.2727	0	0.39
chrUn_KI270363v1	0.0000	1803	0.0000	0.0000	0	0	0	0.0000	0	0.00
chrUn_KI270364v1	0.0000	2855	0.0000	0.0000	0	0	0	0.0000	0	0.00
chrUn_KI270362v1	0.0000	3530	0.0000	0.0000	0	0	0	0.0000	0	0.00
chrUn_KI270366v1	0.0000	8320	0.0000	0.0000	0	0	0	0.0000	0	0.00
chrUn_KI270378v1	0.0000	1048	0.0000	0.0000	0	0	0	0.0000	0	0.00
chrUn_KI270379v1	0.0000	1045	0.0000	0.0000	0	0	0	0.0000	0	0.00
chrUn_KI270389v1	0.0000	1298	0.0000	0.0000	0	0	0	0.0000	0	0.00
chrUn_KI270390v1	0.0000	2387	0.0000	0.0000	0	0	0	0.0000	0	0.00
chrUn_KI270387v1	0.0000	1537	0.0000	0.0000	0	0	0	0.0000	0	0.00
chrUn_KI270395v1	0.0000	1143	0.0000	0.0000	0	0	0	0.0000	0	0.00
chrUn_KI270396v1	0.0000	1880	0.0000	0.0000	0	0	0	0.0000	0	0.00
chrUn_KI270388v1	0.0000	1216	0.0000	0.0000	0	0	0	0.0000	0	0.00
chrUn_KI270394v1	0.0000	970	0.0000	0.0000	0	0	0	0.0000	0	0.00
chrUn_KI270386v1	0.0000	1788	0.0000	0.0000	0	0	0	0.0000	0	0.00
chrUn_KI270391v1	0.0000	1484	0.0000	0.0000	0	0	0	0.0000	0	0.00
chrUn_KI270383v1	0.0000	1750	0.0000	0.0000	0	0	0	0.0000	0	0.00
chrUn_KI270393v1	0.0000	1308	0.0000	0.0000	0	0	0	0.0000	0	0.00
chrUn_KI270384v1	0.0000	1658	0.0000	0.0000	0	0	0	0.0000	0	0.00
chrUn_KI270392v1	0.0000	971	0.0000	0.0000	0	0	0	0.0000	0	0.00
chrUn_KI270381v1	0.0000	1930	0.0000	0.0000	0	0	0	0.0000	0	0.00
chrUn_KI270385v1	0.0000	990	0.0000	0.0000	0	0	0	0.0000	0	0.00
chrUn_KI270382v1	0.0000	4215	0.0000	0.0000	0	0	0	0.0000	0	0.00
chrUn_KI270376v1	0.0000	1136	0.0000	0.0000	0	0	0	0.0000	0	0.00
chrUn_KI270374v1	0.0000	2656	0.0000	0.0000	0	0	0	0.0000	0	0.00
chrUn_KI270372v1	0.0000	1650	0.0000	0.0000	0	0	0	0.0000	0	0.00
chrUn_KI270373v1	0.0000	1451	0.0000	0.0000	0	0	0	0.0000	0	0.00
chrUn_KI270375v1	0.0000	2378	0.0000	0.0000	0	0	0	0.0000	0	0.00
chrUn_KI270371v1	0.0000	2805	0.0000	0.0000	0	0	0	0.0000	0	0.00
chrUn_KI270448v1	0.0216	7992	0.0000	1.6141	129	0	4	0.5087	0	0.18
chrUn_KI270521v1	0.0111	7642	0.0000	1.1123	85	0	2	0.4706	0	0.10
chrUn_GL000195v1	5.3444	182896	0.0000	15.6871	28691	14772	8152	0.5781	0	52.48
chrUn_GL000219v1	2.7050	179198	0.0000	6.5793	11790	4827	6662	0.6412	0	54.98
chrUn_GL000220v1	46.3646	161802	0.0000	26.8890	43507	178985	5495	0.6935	0	509.07
chrUn_GL000224v1	0.0288	179693	0.0000	1.2076	2170	62	62	0.4893	0	0.41
chrUn_KI270741v1	0.0096	157432	0.0000	0.6536	1029	20	18	0.5378	0	0.13
chrUn_GL000226v1	0.0000	15008	0.0000	0.0000	0	0	0	0.0000	0	0.00
chrUn_GL000213v1	0.0247	164239	0.0000	0.7617	1251	30	66	0.6415	0	0.48
chrUn_KI270743v1	0.3643	210658	0.0000	3.7877	7979	1077	733	0.5838	0	6.49
chrUn_KI270744v1	0.1099	168472	0.0000	3.0420	5125	342	101	0.5907	0	2.35
chrUn_KI270745v1	0.1199	41891	0.0000	6.3021	2640	85	33	0.5144	0	0.66
chrUn_KI270746v1	0.0086	66486	0.0000	0.5339	355	6	8	0.3514	0	0.13
chrUn_KI270747v1	0.0095	198735	0.0000	0.3643	724	7	37	0.4867	0	0.25
chrUn_KI270748v1	0.3523	93321	0.0000	3.4419	3212	601	164	0.6753	0	6.61
chrUn_KI270749v1	0.1187	158759	0.0000	0.8875	1409	91	356	0.6200	0	3.16
chrUn_KI270750v1	0.0470	148850	0.0000	0.7780	1158	85	87	0.6009	0	1.08
chrUn_KI270751v1	0.0731	150742	0.0000	2.0704	3121	123	153	0.4978	0	0.95
chrUn_KI270752v1	0.0000	27745	0.0000	0.0000	0	0	0	0.0000	0	0.00
chrUn_KI270753v1	0.0135	62944	0.0000	0.5640	355	16	5	0.5506	0	0.21
chrUn_KI270754v1	0.1764	40191	0.0000	2.2990	924	66	101	0.6118	0	2.72
chrUn_KI270755v1	0.0209	36723	0.0000	0.8442	310	11	7	0.4805	0	0.26
chrUn_KI270756v1	0.0000	79590	0.0000	0.0000	0	0	0	0.0000	0	0.00
chrUn_KI270757v1	0.0016	71251	0.0000	0.1095	78	1	2	0.4286	0	0.05
chrUn_GL000214v1	0.7700	137718	0.0000	3.6734	5059	708	1779	0.6106	0	18.92
chrUn_KI270742v1	1.7647	186739	0.0000	7.2240	13490	1910	5752	0.6153	0	43.20
chrUn_GL000216v2	0.0133	176608	0.0000	0.7672	1355	29	28	0.5556	0	0.18
chrUn_GL000218v1	0.5759	161147	0.0000	5.1680	8328	964	1243	0.5969	0	9.64
chrEBV	32.2846	171823	0.0000	68.3738	117482	85433	45835	0.6464	2	362.41
