#ID	Avg_fold	Length	Ref_GC	Covered_percent	Covered_bases	Plus_reads	Minus_reads	Read_GC	Median_fold	Std_Dev
chr1	0.7227	248956422	0.0000	2.5589	6370520	2086732	2116918	0.6130	0	80.85
chr2	0.4035	242193529	0.0000	1.9569	4739380	1160374	1128919	0.6459	0	18.85
chr3	0.3909	198295559	0.0000	1.8779	3723760	904670	910963	0.6474	0	18.78
chr4	0.2456	190214555	0.0000	1.2803	2435390	562356	533186	0.6439	0	12.28
chr5	0.3942	181538259	0.0000	1.7995	3266788	826988	852008	0.6490	0	18.76
chr6	0.5009	170805979	0.0000	2.1776	3719545	1037345	969583	0.6173	0	38.31
chr7	0.4840	159345973	0.0000	2.1422	3413577	903690	900786	0.6506	0	25.82
chr8	0.3243	145138636	0.0000	1.7043	2473640	547005	557868	0.6538	0	13.64
chr9	0.4554	138394717	0.0000	2.0367	2818626	732569	743632	0.6553	0	23.52
chr10	0.4152	133797422	0.0000	2.1095	2822432	678625	622780	0.6482	0	16.23
chr11	0.5364	135086622	0.0000	2.2685	3064402	809322	886775	0.6491	0	23.64
chr12	0.5532	133275309	0.0000	2.5175	3355253	867214	861419	0.6326	0	26.99
chr13	0.2305	114364328	0.0000	1.2087	1382343	302688	316384	0.6477	0	12.23
chr14	0.4949	107043718	0.0000	2.1678	2320480	622801	617426	0.6232	0	58.77
chr15	0.4985	101991189	0.0000	2.2470	2291785	606888	582939	0.6470	0	20.67
chr16	0.7477	90338345	0.0000	3.2971	2978534	780741	799040	0.6643	0	25.24
chr17	1.6665	83257441	0.0000	4.5314	3772732	1580974	1641883	0.5563	0	103.28
chr18	0.2607	80373285	0.0000	1.4412	1158357	241124	250424	0.6512	0	14.24
chr19	1.4974	58617616	0.0000	5.9389	3481227	1090563	962290	0.6490	0	38.91
chr20	0.5596	64444167	0.0000	2.5974	1673867	437422	406329	0.6592	0	21.84
chr21	0.7535	46709983	0.0000	2.1976	1026501	594379	239676	0.6707	0	83.67
chr22	0.7059	50818468	0.0000	3.2696	1661568	412446	426942	0.6565	0	22.49
chrX	0.2030	156040895	0.0000	1.3142	2050693	374526	369293	0.6305	0	10.67
chrY	0.0042	57227415	0.0000	0.1015	58105	3256	2831	0.5525	0	0.54
chrM	216.2501	16569	0.0000	99.2637	16447	68824	23640	0.4336	117	696.33
chr1_KI270706v1_random	0.2498	175055	0.0000	3.7994	6651	568	461	0.5351	0	4.34
chr1_KI270707v1_random	0.0949	32032	0.0000	3.6339	1164	37	35	0.5072	0	0.58
chr1_KI270708v1_random	0.0453	127682	0.0000	1.2876	1644	53	89	0.5046	0	0.75
chr1_KI270709v1_random	0.0019	66860	0.0000	0.0972	65	0	4	0.4264	0	0.06
chr1_KI270710v1_random	0.0108	40176	0.0000	0.5053	203	9	1	0.4931	0	0.17
chr1_KI270711v1_random	0.0184	42210	0.0000	1.1158	471	9	12	0.5252	0	0.20
chr1_KI270712v1_random	0.0799	176043	0.0000	1.3957	2457	189	143	0.6295	0	1.50
chr1_KI270713v1_random	73.9183	40745	0.0000	8.8256	3596	2062	66952	0.4867	0	1972.97
chr1_KI270714v1_random	0.1349	41717	0.0000	1.8578	775	26	110	0.5488	0	1.52
chr2_KI270715v1_random	0.0000	161471	0.0000	0.0000	0	0	0	0.0000	0	0.00
chr2_KI270716v1_random	0.0000	153799	0.0000	0.0000	0	0	0	0.0000	0	0.00
chr3_GL000221v1_random	1.5220	155397	0.0000	5.8856	9146	790	4696	0.6361	0	42.99
chr4_GL000008v2_random	0.0847	209709	0.0000	1.8826	3948	324	102	0.5920	0	1.55
chr5_GL000208v1_random	0.0033	92689	0.0000	0.1424	132	7	0	0.4253	0	0.09
chr9_KI270717v1_random	0.0494	40062	0.0000	2.7957	1120	19	28	0.5749	0	0.34
chr9_KI270718v1_random	5.9639	38054	0.0000	8.9662	3412	438	4784	0.6712	0	104.64
chr9_KI270719v1_random	0.6521	176845	0.0000	3.3012	5838	1714	1045	0.6638	0	8.77
chr9_KI270720v1_random	0.0237	39050	0.0000	1.1140	435	9	17	0.3919	0	0.24
chr11_KI270721v1_random	0.4383	100316	0.0000	2.6586	2667	887	150	0.7124	0	12.98
chr14_GL000009v2_random	0.0788	201709	0.0000	1.8185	3668	213	174	0.5669	0	1.39
chr14_GL000225v1_random	0.0185	211173	0.0000	0.6454	1363	64	31	0.5832	0	0.30
chr14_KI270722v1_random	0.0408	194050	0.0000	1.0183	1976	74	118	0.5188	0	0.70
chr14_GL000194v1_random	0.3998	191469	0.0000	3.0835	5904	458	1344	0.6210	0	10.10
chr14_KI270723v1_random	0.1960	38115	0.0000	2.4662	940	41	141	0.5265	0	2.34
chr14_KI270724v1_random	0.2374	39555	0.0000	2.3158	916	108	122	0.5242	0	2.57
chr14_KI270725v1_random	0.0223	172810	0.0000	0.4242	733	30	63	0.6296	0	0.60
chr14_KI270726v1_random	0.1222	43739	0.0000	2.3686	1036	76	58	0.5482	0	1.74
chr15_KI270727v1_random	0.0646	448248	0.0000	1.1969	5365	217	460	0.6201	0	1.45
chr16_KI270728v1_random	0.0784	1872759	0.0000	1.0074	18866	1409	2068	0.6023	0	2.26
chr17_GL000205v2_random	4.7495	185591	0.0000	10.7559	19962	10221	10713	0.5678	0	41.52
chr17_KI270729v1_random	0.0010	280839	0.0000	0.0438	123	6	1	0.4881	0	0.06
chr17_KI270730v1_random	0.0003	112551	0.0000	0.0338	38	0	1	0.5263	0	0.02
chr22_KI270731v1_random	0.2475	150754	0.0000	2.1014	3168	221	659	0.6660	0	7.84
chr22_KI270732v1_random	0.0021	41543	0.0000	0.2118	88	2	0	0.3068	0	0.05
chr22_KI270733v1_random	44.2203	179772	0.0000	23.0303	41402	187620	2411	0.7086	0	1045.38
chr22_KI270734v1_random	0.4262	165050	0.0000	2.4950	4118	873	767	0.6827	0	10.41
chr22_KI270735v1_random	0.0033	42811	0.0000	0.2686	115	2	2	0.4507	0	0.07
chr22_KI270736v1_random	0.0004	181920	0.0000	0.0187	34	2	0	0.5588	0	0.03
chr22_KI270737v1_random	0.0013	103838	0.0000	0.0847	88	2	1	0.5152	0	0.05
chr22_KI270738v1_random	0.0008	99375	0.0000	0.0755	75	2	0	0.3067	0	0.03
chr22_KI270739v1_random	0.0006	73985	0.0000	0.0595	44	0	1	0.3864	0	0.02
chrY_KI270740v1_random	0.0000	37240	0.0000	0.0000	0	0	0	0.0000	0	0.00
chrUn_KI270302v1	0.0000	2274	0.0000	0.0000	0	0	0	0.0000	0	0.00
chrUn_KI270304v1	0.0406	2165	0.0000	2.0323	44	2	0	0.3636	0	0.28
chrUn_KI270303v1	0.0906	1942	0.0000	4.5314	88	4	0	0.3636	0	0.42
chrUn_KI270305v1	0.0000	1472	0.0000	0.0000	0	0	0	0.0000	0	0.00
chrUn_KI270322v1	0.0000	21476	0.0000	0.0000	0	0	0	0.0000	0	0.00
chrUn_KI270320v1	0.0000	4416	0.0000	0.0000	0	0	0	0.0000	0	0.00
chrUn_KI270310v1	0.0000	1201	0.0000	0.0000	0	0	0	0.0000	0	0.00
chrUn_KI270316v1	0.0000	1444	0.0000	0.0000	0	0	0	0.0000	0	0.00
chrUn_KI270315v1	0.0000	2276	0.0000	0.0000	0	0	0	0.0000	0	0.00
chrUn_KI270312v1	0.0000	998	0.0000	0.0000	0	0	0	0.0000	0	0.00
chrUn_KI270311v1	0.0000	12399	0.0000	0.0000	0	0	0	0.0000	0	0.00
chrUn_KI270317v1	0.0000	37690	0.0000	0.0000	0	0	0	0.0000	0	0.00
chrUn_KI270412v1	0.0000	1179	0.0000	0.0000	0	0	0	0.0000	0	0.00
chrUn_KI270411v1	0.0000	2646	0.0000	0.0000	0	0	0	0.0000	0	0.00
chrUn_KI270414v1	0.0000	2489	0.0000	0.0000	0	0	0	0.0000	0	0.00
chrUn_KI270419v1	0.0000	1029	0.0000	0.0000	0	0	0	0.0000	0	0.00
chrUn_KI270418v1	0.0000	2145	0.0000	0.0000	0	0	0	0.0000	0	0.00
chrUn_KI270420v1	0.0000	2321	0.0000	0.0000	0	0	0	0.0000	0	0.00
chrUn_KI270424v1	0.0000	2140	0.0000	0.0000	0	0	0	0.0000	0	0.00
chrUn_KI270417v1	0.0000	2043	0.0000	0.0000	0	0	0	0.0000	0	0.00
chrUn_KI270422v1	0.0000	1445	0.0000	0.0000	0	0	0	0.0000	0	0.00
chrUn_KI270423v1	0.0000	981	0.0000	0.0000	0	0	0	0.0000	0	0.00
chrUn_KI270425v1	0.0000	1884	0.0000	0.0000	0	0	0	0.0000	0	0.00
chrUn_KI270429v1	0.0000	1361	0.0000	0.0000	0	0	0	0.0000	0	0.00
chrUn_KI270442v1	0.4989	392061	0.0000	1.1330	4442	1308	3352	0.6245	0	16.43
chrUn_KI270466v1	0.0000	1233	0.0000	0.0000	0	0	0	0.0000	0	0.00
chrUn_KI270465v1	0.0000	1774	0.0000	0.0000	0	0	0	0.0000	0	0.00
chrUn_KI270467v1	0.0000	3920	0.0000	0.0000	0	0	0	0.0000	0	0.00
chrUn_KI270435v1	0.0000	92983	0.0000	0.0000	0	0	0	0.0000	0	0.00
chrUn_KI270438v1	0.0004	112505	0.0000	0.0373	42	1	0	0.3409	0	0.02
chrUn_KI270468v1	0.0326	4055	0.0000	1.0851	44	0	3	0.3182	0	0.31
chrUn_KI270510v1	0.0182	2415	0.0000	1.8219	44	1	0	0.3182	0	0.13
chrUn_KI270509v1	0.0000	2318	0.0000	0.0000	0	0	0	0.0000	0	0.00
chrUn_KI270518v1	0.0000	2186	0.0000	0.0000	0	0	0	0.0000	0	0.00
chrUn_KI270508v1	0.0000	1951	0.0000	0.0000	0	0	0	0.0000	0	0.00
chrUn_KI270516v1	0.0000	1300	0.0000	0.0000	0	0	0	0.0000	0	0.00
chrUn_KI270512v1	0.0000	22689	0.0000	0.0000	0	0	0	0.0000	0	0.00
chrUn_KI270519v1	0.0003	138126	0.0000	0.0319	44	1	0	0.2727	0	0.02
chrUn_KI270522v1	0.0000	5674	0.0000	0.0000	0	0	0	0.0000	0	0.00
chrUn_KI270511v1	0.0000	8127	0.0000	0.0000	0	0	0	0.0000	0	0.00
chrUn_KI270515v1	0.0000	6361	0.0000	0.0000	0	0	0	0.0000	0	0.00
chrUn_KI270507v1	0.0000	5353	0.0000	0.0000	0	0	0	0.0000	0	0.00
chrUn_KI270517v1	0.0000	3253	0.0000	0.0000	0	0	0	0.0000	0	0.00
chrUn_KI270529v1	0.0000	1899	0.0000	0.0000	0	0	0	0.0000	0	0.00
chrUn_KI270528v1	0.0000	2983	0.0000	0.0000	0	0	0	0.0000	0	0.00
chrUn_KI270530v1	0.0000	2168	0.0000	0.0000	0	0	0	0.0000	0	0.00
chrUn_KI270539v1	0.0866	993	0.0000	4.3303	43	2	0	0.6818	0	0.41
chrUn_KI270538v1	0.0005	91309	0.0000	0.0482	44	0	1	0.2273	0	0.02
chrUn_KI270544v1	0.0000	1202	0.0000	0.0000	0	0	0	0.0000	0	0.00
chrUn_KI270548v1	0.0000	1599	0.0000	0.0000	0	0	0	0.0000	0	0.00
chrUn_KI270583v1	0.0000	1400	0.0000	0.0000	0	0	0	0.0000	0	0.00
chrUn_KI270587v1	0.0000	2969	0.0000	0.0000	0	0	0	0.0000	0	0.00
chrUn_KI270580v1	0.0000	1553	0.0000	0.0000	0	0	0	0.0000	0	0.00
chrUn_KI270581v1	0.0000	7046	0.0000	0.0000	0	0	0	0.0000	0	0.00
chrUn_KI270579v1	0.0000	31033	0.0000	0.0000	0	0	0	0.0000	0	0.00
chrUn_KI270589v1	0.0000	44474	0.0000	0.0000	0	0	0	0.0000	0	0.00
chrUn_KI270590v1	0.0000	4685	0.0000	0.0000	0	0	0	0.0000	0	0.00
chrUn_KI270584v1	0.0000	4513	0.0000	0.0000	0	0	0	0.0000	0	0.00
chrUn_KI270582v1	0.0000	6504	0.0000	0.0000	0	0	0	0.0000	0	0.00
chrUn_KI270588v1	0.0000	6158	0.0000	0.0000	0	0	0	0.0000	0	0.00
chrUn_KI270593v1	0.0000	3041	0.0000	0.0000	0	0	0	0.0000	0	0.00
chrUn_KI270591v1	0.0000	5796	0.0000	0.0000	0	0	0	0.0000	0	0.00
chrUn_KI270330v1	0.0266	1652	0.0000	2.6634	44	0	1	0.4773	0	0.16
chrUn_KI270329v1	0.0000	1040	0.0000	0.0000	0	0	0	0.0000	0	0.00
chrUn_KI270334v1	0.0000	1368	0.0000	0.0000	0	0	0	0.0000	0	0.00
chrUn_KI270333v1	0.0000	2699	0.0000	0.0000	0	0	0	0.0000	0	0.00
chrUn_KI270335v1	0.0000	1048	0.0000	0.0000	0	0	0	0.0000	0	0.00
chrUn_KI270338v1	0.0000	1428	0.0000	0.0000	0	0	0	0.0000	0	0.00
chrUn_KI270340v1	0.0000	1428	0.0000	0.0000	0	0	0	0.0000	0	0.00
chrUn_KI270336v1	0.0000	1026	0.0000	0.0000	0	0	0	0.0000	0	0.00
chrUn_KI270337v1	0.0000	1121	0.0000	0.0000	0	0	0	0.0000	0	0.00
chrUn_KI270363v1	0.0000	1803	0.0000	0.0000	0	0	0	0.0000	0	0.00
chrUn_KI270364v1	0.0000	2855	0.0000	0.0000	0	0	0	0.0000	0	0.00
chrUn_KI270362v1	0.0000	3530	0.0000	0.0000	0	0	0	0.0000	0	0.00
chrUn_KI270366v1	0.0000	8320	0.0000	0.0000	0	0	0	0.0000	0	0.00
chrUn_KI270378v1	0.0000	1048	0.0000	0.0000	0	0	0	0.0000	0	0.00
chrUn_KI270379v1	0.0000	1045	0.0000	0.0000	0	0	0	0.0000	0	0.00
chrUn_KI270389v1	0.0000	1298	0.0000	0.0000	0	0	0	0.0000	0	0.00
chrUn_KI270390v1	0.0000	2387	0.0000	0.0000	0	0	0	0.0000	0	0.00
chrUn_KI270387v1	0.0000	1537	0.0000	0.0000	0	0	0	0.0000	0	0.00
chrUn_KI270395v1	0.0000	1143	0.0000	0.0000	0	0	0	0.0000	0	0.00
chrUn_KI270396v1	0.0000	1880	0.0000	0.0000	0	0	0	0.0000	0	0.00
chrUn_KI270388v1	0.0000	1216	0.0000	0.0000	0	0	0	0.0000	0	0.00
chrUn_KI270394v1	0.0000	970	0.0000	0.0000	0	0	0	0.0000	0	0.00
chrUn_KI270386v1	0.0000	1788	0.0000	0.0000	0	0	0	0.0000	0	0.00
chrUn_KI270391v1	0.0000	1484	0.0000	0.0000	0	0	0	0.0000	0	0.00
chrUn_KI270383v1	0.0000	1750	0.0000	0.0000	0	0	0	0.0000	0	0.00
chrUn_KI270393v1	0.0000	1308	0.0000	0.0000	0	0	0	0.0000	0	0.00
chrUn_KI270384v1	0.0000	1658	0.0000	0.0000	0	0	0	0.0000	0	0.00
chrUn_KI270392v1	0.0000	971	0.0000	0.0000	0	0	0	0.0000	0	0.00
chrUn_KI270381v1	0.0000	1930	0.0000	0.0000	0	0	0	0.0000	0	0.00
chrUn_KI270385v1	0.0000	990	0.0000	0.0000	0	0	0	0.0000	0	0.00
chrUn_KI270382v1	0.0000	4215	0.0000	0.0000	0	0	0	0.0000	0	0.00
chrUn_KI270376v1	0.0000	1136	0.0000	0.0000	0	0	0	0.0000	0	0.00
chrUn_KI270374v1	0.0000	2656	0.0000	0.0000	0	0	0	0.0000	0	0.00
chrUn_KI270372v1	0.0000	1650	0.0000	0.0000	0	0	0	0.0000	0	0.00
chrUn_KI270373v1	0.0000	1451	0.0000	0.0000	0	0	0	0.0000	0	0.00
chrUn_KI270375v1	0.0000	2378	0.0000	0.0000	0	0	0	0.0000	0	0.00
chrUn_KI270371v1	0.0000	2805	0.0000	0.0000	0	0	0	0.0000	0	0.00
chrUn_KI270448v1	0.0110	7992	0.0000	0.5506	44	0	2	0.2045	0	0.15
chrUn_KI270521v1	0.0173	7642	0.0000	0.5758	44	0	3	0.3636	0	0.23
chrUn_GL000195v1	2.7162	182896	0.0000	10.6142	19413	6626	5099	0.5891	0	30.13
chrUn_GL000219v1	2.1013	179198	0.0000	5.0313	9016	4633	4358	0.6559	0	42.17
chrUn_GL000220v1	46.5816	161802	0.0000	24.6517	39887	177801	2670	0.7131	0	1010.11
chrUn_GL000224v1	0.0201	179693	0.0000	0.8231	1479	53	34	0.5235	0	0.36
chrUn_KI270741v1	0.0024	157432	0.0000	0.1874	295	2	7	0.5644	0	0.06
chrUn_GL000226v1	0.0000	15008	0.0000	0.0000	0	0	0	0.0000	0	0.00
chrUn_GL000213v1	0.0174	164239	0.0000	0.6825	1121	13	59	0.5991	0	0.37
chrUn_KI270743v1	0.2142	210658	0.0000	2.4177	5093	667	394	0.5872	0	3.77
chrUn_KI270744v1	0.0376	168472	0.0000	1.2382	2086	91	63	0.5585	0	0.53
chrUn_KI270745v1	0.0753	41891	0.0000	2.4564	1029	56	19	0.5167	0	0.69
chrUn_KI270746v1	0.0117	66486	0.0000	0.5821	387	6	14	0.3586	0	0.17
chrUn_KI270747v1	0.0024	198735	0.0000	0.1359	270	4	7	0.4873	0	0.07
chrUn_KI270748v1	0.2186	93321	0.0000	2.3071	2153	384	95	0.6909	0	4.47
chrUn_KI270749v1	0.0720	158759	0.0000	0.5776	917	66	203	0.6166	0	2.07
chrUn_KI270750v1	0.0167	148850	0.0000	0.4803	715	32	28	0.5940	0	0.36
chrUn_KI270751v1	0.0514	150742	0.0000	1.4309	2157	55	134	0.5478	0	0.89
chrUn_KI270752v1	0.0000	27745	0.0000	0.0000	0	0	0	0.0000	0	0.00
chrUn_KI270753v1	0.0040	62944	0.0000	0.1430	90	6	0	0.5397	0	0.11
chrUn_KI270754v1	0.0260	40191	0.0000	0.5822	234	20	4	0.6080	0	0.40
chrUn_KI270755v1	0.0060	36723	0.0000	0.2396	88	2	3	0.5182	0	0.12
chrUn_KI270756v1	0.0000	79590	0.0000	0.0000	0	0	0	0.0000	0	0.00
chrUn_KI270757v1	0.0000	71251	0.0000	0.0000	0	0	0	0.0000	0	0.00
chrUn_GL000214v1	0.2522	137718	0.0000	2.3258	3203	355	465	0.5886	0	5.07
chrUn_KI270742v1	1.2638	186739	0.0000	4.9240	9195	941	4535	0.6355	0	39.26
chrUn_GL000216v2	0.0067	176608	0.0000	0.2995	529	14	18	0.5690	0	0.16
chrUn_GL000218v1	0.2029	161147	0.0000	2.3749	3827	388	399	0.5947	0	3.81
chrEBV	11.1945	171823	0.0000	48.2566	82916	28923	16818	0.6516	0	132.66
