#ID	Avg_fold	Length	Ref_GC	Covered_percent	Covered_bases	Plus_reads	Minus_reads	Read_GC	Median_fold	Std_Dev
chr1	0.4642	248956422	0.0000	2.6208	6524669	1332209	1357877	0.5894	0	59.70
chr2	0.2483	242193529	0.0000	2.0092	4866062	716885	687646	0.6214	0	10.62
chr3	0.2358	198295559	0.0000	1.9160	3799400	551445	540641	0.6207	0	9.98
chr4	0.1551	190214555	0.0000	1.3676	2601348	347976	341551	0.6147	0	6.46
chr5	0.2451	181538259	0.0000	1.8460	3351210	507647	532483	0.6247	0	10.88
chr6	0.3330	170805979	0.0000	2.2859	3904518	693255	634560	0.5927	0	28.47
chr7	0.2891	159345973	0.0000	2.1589	3440099	538160	537446	0.6295	0	13.59
chr8	0.1955	145138636	0.0000	1.7599	2554317	327817	335767	0.6258	0	7.10
chr9	0.2732	138394717	0.0000	2.0923	2895602	442581	440469	0.6320	0	12.03
chr10	0.2559	133797422	0.0000	2.1713	2905130	414504	385292	0.6214	0	8.58
chr11	0.3250	135086622	0.0000	2.3282	3145047	493101	532513	0.6259	0	12.80
chr12	0.3453	133275309	0.0000	2.5524	3401778	536887	538090	0.6086	0	15.13
chr13	0.1423	114364328	0.0000	1.2667	1448628	186612	194519	0.6188	0	6.59
chr14	0.3146	107043718	0.0000	2.1500	2301389	391699	392892	0.6007	0	44.51
chr15	0.3037	101991189	0.0000	2.2697	2314875	369343	353538	0.6213	0	12.53
chr16	0.4235	90338345	0.0000	3.1664	2860478	442197	450677	0.6442	0	12.69
chr17	0.8257	83257441	0.0000	4.3857	3651455	780903	817105	0.5789	0	97.64
chr18	0.1633	80373285	0.0000	1.5661	1258752	152292	154637	0.6221	0	8.33
chr19	0.9031	58617616	0.0000	5.5804	3271082	659531	575817	0.6339	0	23.59
chr20	0.3252	64444167	0.0000	2.5936	1671421	253278	236298	0.6369	0	10.47
chr21	0.4572	46709983	0.0000	2.2635	1057270	364725	142698	0.6437	0	32.71
chr22	0.4239	50818468	0.0000	3.1419	1596675	249641	253530	0.6348	0	13.05
chrX	0.1343	156040895	0.0000	1.3649	2129739	252875	236717	0.6042	0	6.26
chrY	0.0029	57227415	0.0000	0.0845	48385	2032	2054	0.5602	0	0.38
chrM	143.5041	16569	0.0000	99.1007	16420	46237	12712	0.4383	98	333.12
chr1_KI270706v1_random	0.2975	175055	0.0000	3.3858	5927	566	648	0.5527	0	6.91
chr1_KI270707v1_random	0.0921	32032	0.0000	3.6651	1174	37	34	0.5163	0	0.76
chr1_KI270708v1_random	0.0356	127682	0.0000	1.3737	1754	45	64	0.4765	0	0.43
chr1_KI270709v1_random	0.0007	66860	0.0000	0.0658	44	1	0	0.3864	0	0.03
chr1_KI270710v1_random	0.0000	40176	0.0000	0.0000	0	0	0	0.0000	0	0.00
chr1_KI270711v1_random	0.0306	42210	0.0000	1.5873	670	17	13	0.5104	0	0.37
chr1_KI270712v1_random	0.0393	176043	0.0000	1.2219	2151	97	66	0.6029	0	0.62
chr1_KI270713v1_random	59.2813	40745	0.0000	9.2846	3783	1873	53328	0.4839	0	1565.64
chr1_KI270714v1_random	0.2557	41717	0.0000	3.5429	1478	61	188	0.5286	0	2.59
chr2_KI270715v1_random	0.0000	161471	0.0000	0.0000	0	0	0	0.0000	0	0.00
chr2_KI270716v1_random	0.0000	153799	0.0000	0.0000	0	0	0	0.0000	0	0.00
chr3_GL000221v1_random	0.9739	155397	0.0000	5.3270	8278	755	2763	0.6173	0	23.51
chr4_GL000008v2_random	0.0703	209709	0.0000	1.9155	4017	234	116	0.5602	0	1.01
chr5_GL000208v1_random	0.0007	92689	0.0000	0.0356	33	2	0	0.4545	0	0.04
chr9_KI270717v1_random	0.0431	40062	0.0000	2.9679	1189	11	31	0.5752	0	0.28
chr9_KI270718v1_random	3.5648	38054	0.0000	9.6494	3672	242	2883	0.6586	0	59.79
chr9_KI270719v1_random	0.4074	176845	0.0000	3.9221	6936	970	742	0.6437	0	4.57
chr9_KI270720v1_random	0.0104	39050	0.0000	0.8476	331	7	3	0.3457	0	0.12
chr11_KI270721v1_random	0.2727	100316	0.0000	3.4920	3503	534	111	0.6898	0	7.25
chr14_GL000009v2_random	0.1179	201709	0.0000	2.5101	5063	280	276	0.5566	0	2.30
chr14_GL000225v1_random	0.0102	211173	0.0000	0.4144	875	25	26	0.5752	0	0.19
chr14_KI270722v1_random	0.0301	194050	0.0000	1.0837	2103	57	84	0.5016	0	0.44
chr14_GL000194v1_random	0.3846	191469	0.0000	4.3642	8356	454	1269	0.6072	0	8.53
chr14_KI270723v1_random	0.1103	38115	0.0000	2.5554	974	21	77	0.5163	0	1.13
chr14_KI270724v1_random	0.1056	39555	0.0000	1.9947	789	63	33	0.5100	0	1.18
chr14_KI270725v1_random	0.0161	172810	0.0000	0.5243	906	22	44	0.6099	0	0.34
chr14_KI270726v1_random	0.1563	43739	0.0000	5.1236	2241	67	93	0.5142	0	0.92
chr15_KI270727v1_random	0.0273	448248	0.0000	0.7146	3203	95	190	0.5995	0	0.64
chr16_KI270728v1_random	0.0252	1872759	0.0000	0.6792	12719	456	661	0.5456	0	0.68
chr17_GL000205v2_random	2.7593	185591	0.0000	12.7296	23625	6659	5375	0.5437	0	21.68
chr17_KI270729v1_random	0.0008	280839	0.0000	0.0783	220	3	2	0.4727	0	0.03
chr17_KI270730v1_random	0.0015	112551	0.0000	0.0400	45	1	3	0.5556	0	0.08
chr22_KI270731v1_random	0.1637	150754	0.0000	2.5989	3918	217	364	0.6370	0	3.66
chr22_KI270732v1_random	0.0010	41543	0.0000	0.0987	41	1	0	0.4634	0	0.03
chr22_KI270733v1_random	27.6099	179772	0.0000	25.3977	45658	117879	2016	0.6814	0	423.17
chr22_KI270734v1_random	0.2042	165050	0.0000	2.7246	4497	391	392	0.6568	0	4.28
chr22_KI270735v1_random	0.0040	42811	0.0000	0.1985	85	2	2	0.5059	0	0.09
chr22_KI270736v1_random	0.0014	181920	0.0000	0.1143	208	4	2	0.4881	0	0.04
chr22_KI270737v1_random	0.0000	103838	0.0000	0.0000	0	0	0	0.0000	0	0.00
chr22_KI270738v1_random	0.0000	99375	0.0000	0.0000	0	0	0	0.0000	0	0.00
chr22_KI270739v1_random	0.0006	73985	0.0000	0.0595	44	1	0	0.4318	0	0.02
chrY_KI270740v1_random	0.0000	37240	0.0000	0.0000	0	0	0	0.0000	0	0.00
chrUn_KI270302v1	0.0000	2274	0.0000	0.0000	0	0	0	0.0000	0	0.00
chrUn_KI270304v1	0.0406	2165	0.0000	2.0323	44	2	0	0.4545	0	0.28
chrUn_KI270303v1	0.0000	1942	0.0000	0.0000	0	0	0	0.0000	0	0.00
chrUn_KI270305v1	0.0000	1472	0.0000	0.0000	0	0	0	0.0000	0	0.00
chrUn_KI270322v1	0.0000	21476	0.0000	0.0000	0	0	0	0.0000	0	0.00
chrUn_KI270320v1	0.0000	4416	0.0000	0.0000	0	0	0	0.0000	0	0.00
chrUn_KI270310v1	0.0000	1201	0.0000	0.0000	0	0	0	0.0000	0	0.00
chrUn_KI270316v1	0.0000	1444	0.0000	0.0000	0	0	0	0.0000	0	0.00
chrUn_KI270315v1	0.0000	2276	0.0000	0.0000	0	0	0	0.0000	0	0.00
chrUn_KI270312v1	0.0000	998	0.0000	0.0000	0	0	0	0.0000	0	0.00
chrUn_KI270311v1	0.0000	12399	0.0000	0.0000	0	0	0	0.0000	0	0.00
chrUn_KI270317v1	0.0000	37690	0.0000	0.0000	0	0	0	0.0000	0	0.00
chrUn_KI270412v1	0.0000	1179	0.0000	0.0000	0	0	0	0.0000	0	0.00
chrUn_KI270411v1	0.0000	2646	0.0000	0.0000	0	0	0	0.0000	0	0.00
chrUn_KI270414v1	0.0000	2489	0.0000	0.0000	0	0	0	0.0000	0	0.00
chrUn_KI270419v1	0.0000	1029	0.0000	0.0000	0	0	0	0.0000	0	0.00
chrUn_KI270418v1	0.0000	2145	0.0000	0.0000	0	0	0	0.0000	0	0.00
chrUn_KI270420v1	0.0000	2321	0.0000	0.0000	0	0	0	0.0000	0	0.00
chrUn_KI270424v1	0.0000	2140	0.0000	0.0000	0	0	0	0.0000	0	0.00
chrUn_KI270417v1	0.0000	2043	0.0000	0.0000	0	0	0	0.0000	0	0.00
chrUn_KI270422v1	0.0000	1445	0.0000	0.0000	0	0	0	0.0000	0	0.00
chrUn_KI270423v1	0.0000	981	0.0000	0.0000	0	0	0	0.0000	0	0.00
chrUn_KI270425v1	0.0000	1884	0.0000	0.0000	0	0	0	0.0000	0	0.00
chrUn_KI270429v1	0.0000	1361	0.0000	0.0000	0	0	0	0.0000	0	0.00
chrUn_KI270442v1	0.3370	392061	0.0000	1.0580	4148	781	2328	0.6286	0	12.71
chrUn_KI270466v1	0.0000	1233	0.0000	0.0000	0	0	0	0.0000	0	0.00
chrUn_KI270465v1	0.0000	1774	0.0000	0.0000	0	0	0	0.0000	0	0.00
chrUn_KI270467v1	0.0000	3920	0.0000	0.0000	0	0	0	0.0000	0	0.00
chrUn_KI270435v1	0.0005	92983	0.0000	0.0462	43	0	1	0.4091	0	0.02
chrUn_KI270438v1	0.0008	112505	0.0000	0.0764	86	0	2	0.3409	0	0.03
chrUn_KI270468v1	0.0000	4055	0.0000	0.0000	0	0	0	0.0000	0	0.00
chrUn_KI270510v1	0.0000	2415	0.0000	0.0000	0	0	0	0.0000	0	0.00
chrUn_KI270509v1	0.0000	2318	0.0000	0.0000	0	0	0	0.0000	0	0.00
chrUn_KI270518v1	0.0000	2186	0.0000	0.0000	0	0	0	0.0000	0	0.00
chrUn_KI270508v1	0.0000	1951	0.0000	0.0000	0	0	0	0.0000	0	0.00
chrUn_KI270516v1	0.0000	1300	0.0000	0.0000	0	0	0	0.0000	0	0.00
chrUn_KI270512v1	0.0039	22689	0.0000	0.2027	46	0	2	0.5341	0	0.09
chrUn_KI270519v1	0.0003	138126	0.0000	0.0319	44	0	1	0.5682	0	0.02
chrUn_KI270522v1	0.0000	5674	0.0000	0.0000	0	0	0	0.0000	0	0.00
chrUn_KI270511v1	0.0000	8127	0.0000	0.0000	0	0	0	0.0000	0	0.00
chrUn_KI270515v1	0.0000	6361	0.0000	0.0000	0	0	0	0.0000	0	0.00
chrUn_KI270507v1	0.0000	5353	0.0000	0.0000	0	0	0	0.0000	0	0.00
chrUn_KI270517v1	0.0000	3253	0.0000	0.0000	0	0	0	0.0000	0	0.00
chrUn_KI270529v1	0.0000	1899	0.0000	0.0000	0	0	0	0.0000	0	0.00
chrUn_KI270528v1	0.0000	2983	0.0000	0.0000	0	0	0	0.0000	0	0.00
chrUn_KI270530v1	0.0000	2168	0.0000	0.0000	0	0	0	0.0000	0	0.00
chrUn_KI270539v1	0.0000	993	0.0000	0.0000	0	0	0	0.0000	0	0.00
chrUn_KI270538v1	0.0000	91309	0.0000	0.0000	0	0	0	0.0000	0	0.00
chrUn_KI270544v1	0.0000	1202	0.0000	0.0000	0	0	0	0.0000	0	0.00
chrUn_KI270548v1	0.0000	1599	0.0000	0.0000	0	0	0	0.0000	0	0.00
chrUn_KI270583v1	0.0000	1400	0.0000	0.0000	0	0	0	0.0000	0	0.00
chrUn_KI270587v1	0.0000	2969	0.0000	0.0000	0	0	0	0.0000	0	0.00
chrUn_KI270580v1	0.0000	1553	0.0000	0.0000	0	0	0	0.0000	0	0.00
chrUn_KI270581v1	0.0000	7046	0.0000	0.0000	0	0	0	0.0000	0	0.00
chrUn_KI270579v1	0.0000	31033	0.0000	0.0000	0	0	0	0.0000	0	0.00
chrUn_KI270589v1	0.0000	44474	0.0000	0.0000	0	0	0	0.0000	0	0.00
chrUn_KI270590v1	0.0000	4685	0.0000	0.0000	0	0	0	0.0000	0	0.00
chrUn_KI270584v1	0.0000	4513	0.0000	0.0000	0	0	0	0.0000	0	0.00
chrUn_KI270582v1	0.0000	6504	0.0000	0.0000	0	0	0	0.0000	0	0.00
chrUn_KI270588v1	0.0000	6158	0.0000	0.0000	0	0	0	0.0000	0	0.00
chrUn_KI270593v1	0.0000	3041	0.0000	0.0000	0	0	0	0.0000	0	0.00
chrUn_KI270591v1	0.0000	5796	0.0000	0.0000	0	0	0	0.0000	0	0.00
chrUn_KI270330v1	0.0000	1652	0.0000	0.0000	0	0	0	0.0000	0	0.00
chrUn_KI270329v1	0.0000	1040	0.0000	0.0000	0	0	0	0.0000	0	0.00
chrUn_KI270334v1	0.0000	1368	0.0000	0.0000	0	0	0	0.0000	0	0.00
chrUn_KI270333v1	0.0000	2699	0.0000	0.0000	0	0	0	0.0000	0	0.00
chrUn_KI270335v1	0.0000	1048	0.0000	0.0000	0	0	0	0.0000	0	0.00
chrUn_KI270338v1	0.0000	1428	0.0000	0.0000	0	0	0	0.0000	0	0.00
chrUn_KI270340v1	0.0000	1428	0.0000	0.0000	0	0	0	0.0000	0	0.00
chrUn_KI270336v1	0.0000	1026	0.0000	0.0000	0	0	0	0.0000	0	0.00
chrUn_KI270337v1	0.0000	1121	0.0000	0.0000	0	0	0	0.0000	0	0.00
chrUn_KI270363v1	0.0000	1803	0.0000	0.0000	0	0	0	0.0000	0	0.00
chrUn_KI270364v1	0.0000	2855	0.0000	0.0000	0	0	0	0.0000	0	0.00
chrUn_KI270362v1	0.0000	3530	0.0000	0.0000	0	0	0	0.0000	0	0.00
chrUn_KI270366v1	0.0000	8320	0.0000	0.0000	0	0	0	0.0000	0	0.00
chrUn_KI270378v1	0.0000	1048	0.0000	0.0000	0	0	0	0.0000	0	0.00
chrUn_KI270379v1	0.0000	1045	0.0000	0.0000	0	0	0	0.0000	0	0.00
chrUn_KI270389v1	0.0000	1298	0.0000	0.0000	0	0	0	0.0000	0	0.00
chrUn_KI270390v1	0.0000	2387	0.0000	0.0000	0	0	0	0.0000	0	0.00
chrUn_KI270387v1	0.0000	1537	0.0000	0.0000	0	0	0	0.0000	0	0.00
chrUn_KI270395v1	0.0000	1143	0.0000	0.0000	0	0	0	0.0000	0	0.00
chrUn_KI270396v1	0.0000	1880	0.0000	0.0000	0	0	0	0.0000	0	0.00
chrUn_KI270388v1	0.0000	1216	0.0000	0.0000	0	0	0	0.0000	0	0.00
chrUn_KI270394v1	0.0000	970	0.0000	0.0000	0	0	0	0.0000	0	0.00
chrUn_KI270386v1	0.0000	1788	0.0000	0.0000	0	0	0	0.0000	0	0.00
chrUn_KI270391v1	0.0000	1484	0.0000	0.0000	0	0	0	0.0000	0	0.00
chrUn_KI270383v1	0.0000	1750	0.0000	0.0000	0	0	0	0.0000	0	0.00
chrUn_KI270393v1	0.0000	1308	0.0000	0.0000	0	0	0	0.0000	0	0.00
chrUn_KI270384v1	0.0000	1658	0.0000	0.0000	0	0	0	0.0000	0	0.00
chrUn_KI270392v1	0.0000	971	0.0000	0.0000	0	0	0	0.0000	0	0.00
chrUn_KI270381v1	0.0000	1930	0.0000	0.0000	0	0	0	0.0000	0	0.00
chrUn_KI270385v1	0.0000	990	0.0000	0.0000	0	0	0	0.0000	0	0.00
chrUn_KI270382v1	0.0000	4215	0.0000	0.0000	0	0	0	0.0000	0	0.00
chrUn_KI270376v1	0.0000	1136	0.0000	0.0000	0	0	0	0.0000	0	0.00
chrUn_KI270374v1	0.0000	2656	0.0000	0.0000	0	0	0	0.0000	0	0.00
chrUn_KI270372v1	0.0000	1650	0.0000	0.0000	0	0	0	0.0000	0	0.00
chrUn_KI270373v1	0.0000	1451	0.0000	0.0000	0	0	0	0.0000	0	0.00
chrUn_KI270375v1	0.0000	2378	0.0000	0.0000	0	0	0	0.0000	0	0.00
chrUn_KI270371v1	0.0000	2805	0.0000	0.0000	0	0	0	0.0000	0	0.00
chrUn_KI270448v1	0.0039	7992	0.0000	0.3879	31	0	1	0.3226	0	0.06
chrUn_KI270521v1	0.0226	7642	0.0000	0.5758	44	5	0	0.7283	0	0.32
chrUn_GL000195v1	1.5636	182896	0.0000	12.2638	22430	3604	3082	0.5679	0	14.08
chrUn_GL000219v1	0.6355	179198	0.0000	3.6407	6524	1316	1408	0.6486	0	14.73
chrUn_GL000220v1	28.5103	161802	0.0000	27.1715	43964	109654	2209	0.6822	0	377.85
chrUn_GL000224v1	0.0464	179693	0.0000	1.3701	2462	165	33	0.5620	0	0.86
chrUn_KI270741v1	0.0348	157432	0.0000	0.7673	1208	124	7	0.5866	0	0.88
chrUn_GL000226v1	0.0000	15008	0.0000	0.0000	0	0	0	0.0000	0	0.00
chrUn_GL000213v1	0.0061	164239	0.0000	0.4110	675	17	7	0.5507	0	0.11
chrUn_KI270743v1	0.2072	210658	0.0000	2.5022	5271	619	401	0.5737	0	4.31
chrUn_KI270744v1	0.0552	168472	0.0000	2.2336	3763	137	83	0.5309	0	0.60
chrUn_KI270745v1	0.0379	41891	0.0000	2.7930	1170	33	4	0.4921	0	0.27
chrUn_KI270746v1	0.0086	66486	0.0000	0.5219	347	9	6	0.3462	0	0.13
chrUn_KI270747v1	0.0025	198735	0.0000	0.1595	317	1	11	0.5010	0	0.07
chrUn_KI270748v1	0.0973	93321	0.0000	1.7049	1591	176	34	0.6875	0	2.01
chrUn_KI270749v1	0.0312	158759	0.0000	0.4069	646	16	100	0.6055	0	1.02
chrUn_KI270750v1	0.0307	148850	0.0000	0.4380	652	29	78	0.6159	0	0.86
chrUn_KI270751v1	0.0457	150742	0.0000	1.6279	2454	71	98	0.5113	0	0.62
chrUn_KI270752v1	0.0000	27745	0.0000	0.0000	0	0	0	0.0000	0	0.00
chrUn_KI270753v1	0.0014	62944	0.0000	0.1398	88	2	0	0.5000	0	0.04
chrUn_KI270754v1	0.0762	40191	0.0000	1.7442	701	21	49	0.6203	0	0.93
chrUn_KI270755v1	0.0057	36723	0.0000	0.5691	209	2	3	0.4928	0	0.08
chrUn_KI270756v1	0.0000	79590	0.0000	0.0000	0	0	0	0.0000	0	0.00
chrUn_KI270757v1	0.0006	71251	0.0000	0.0618	44	0	1	0.4318	0	0.02
chrUn_GL000214v1	0.3484	137718	0.0000	2.6765	3686	419	702	0.5875	0	8.48
chrUn_KI270742v1	0.8273	186739	0.0000	4.6782	8736	885	2704	0.6124	0	21.65
chrUn_GL000216v2	0.0039	176608	0.0000	0.1619	286	7	10	0.5249	0	0.11
chrUn_GL000218v1	0.3129	161147	0.0000	3.6042	5808	446	731	0.5945	0	6.59
chrEBV	13.6023	171823	0.0000	62.6080	107575	38647	16484	0.6241	1	153.74
