#ID	Avg_fold	Length	Ref_GC	Covered_percent	Covered_bases	Plus_reads	Minus_reads	Read_GC	Median_fold	Std_Dev
chr1	1.1740	248956422	0.0000	2.0287	5050473	3301127	3446663	0.5940	0	92.21
chr2	0.5871	242193529	0.0000	1.5311	3708193	1657623	1634484	0.6356	0	26.50
chr3	0.5752	198295559	0.0000	1.4732	2921267	1318103	1322515	0.6373	0	28.90
chr4	0.3726	190214555	0.0000	1.0429	1983809	838505	803313	0.6327	0	17.50
chr5	0.5666	181538259	0.0000	1.4167	2571932	1164951	1218529	0.6389	0	25.78
chr6	0.7718	170805979	0.0000	1.7117	2923770	1602584	1450239	0.6038	0	47.97
chr7	0.7042	159345973	0.0000	1.6990	2707362	1290296	1305842	0.6422	0	38.44
chr8	0.4752	145138636	0.0000	1.3652	1981386	787419	811429	0.6423	0	18.98
chr9	0.6726	138394717	0.0000	1.6183	2239661	1067753	1087502	0.6462	0	35.62
chr10	0.6124	133797422	0.0000	1.6838	2252923	983008	913956	0.6378	0	22.51
chr11	0.7879	135086622	0.0000	1.8072	2441256	1173653	1289968	0.6401	0	35.01
chr12	0.8115	133275309	0.0000	1.9640	2617578	1249299	1254875	0.6228	0	43.53
chr13	0.3331	114364328	0.0000	0.9482	1084383	429803	453382	0.6366	0	16.30
chr14	0.8094	107043718	0.0000	1.7229	1844205	1009193	991839	0.6048	0	66.82
chr15	0.7265	101991189	0.0000	1.7554	1790311	879704	834738	0.6391	0	29.66
chr16	1.0541	90338345	0.0000	2.5789	2329772	1085085	1118415	0.6574	0	34.51
chr17	2.6020	83257441	0.0000	3.6278	3020398	2439362	2543988	0.5316	0	109.51
chr18	0.3726	80373285	0.0000	1.1382	914812	337744	355917	0.6412	0	22.15
chr19	2.1659	58617616	0.0000	4.7296	2772398	1566450	1371929	0.6425	0	57.04
chr20	0.8362	64444167	0.0000	2.0734	1336194	652689	593951	0.6490	0	33.36
chr21	1.1863	46709983	0.0000	1.8278	853772	948117	345234	0.6672	0	129.01
chr22	1.0305	50818468	0.0000	2.5915	1316955	596697	614602	0.6484	0	31.58
chrX	0.3059	156040895	0.0000	1.0521	1641632	558530	547537	0.6231	0	16.03
chrY	0.0062	57227415	0.0000	0.0794	45417	4544	3999	0.5422	0	0.65
chrM	374.7566	16569	0.0000	99.7405	16526	116674	36689	0.4359	209	1073.75
chr1_KI270706v1_random	0.3776	175055	0.0000	3.0528	5344	910	631	0.5219	0	5.38
chr1_KI270707v1_random	0.1613	32032	0.0000	3.7681	1207	46	74	0.4609	0	0.98
chr1_KI270708v1_random	0.0775	127682	0.0000	1.4693	1876	110	120	0.4963	0	0.95
chr1_KI270709v1_random	0.0000	66860	0.0000	0.0000	0	0	0	0.0000	0	0.00
chr1_KI270710v1_random	0.0044	40176	0.0000	0.2190	88	0	4	0.3239	0	0.10
chr1_KI270711v1_random	0.0794	42210	0.0000	1.6679	704	27	52	0.4672	0	0.77
chr1_KI270712v1_random	0.1046	176043	0.0000	1.0060	1771	233	195	0.5893	0	2.02
chr1_KI270713v1_random	183.5465	40745	0.0000	9.6625	3937	4738	166026	0.4846	0	2161.99
chr1_KI270714v1_random	0.7624	41717	0.0000	3.0947	1291	466	280	0.5370	0	11.70
chr2_KI270715v1_random	0.0000	161471	0.0000	0.0000	0	0	0	0.0000	0	0.00
chr2_KI270716v1_random	0.0000	153799	0.0000	0.0000	0	0	0	0.0000	0	0.00
chr3_GL000221v1_random	1.7775	155397	0.0000	4.2594	6619	1371	5012	0.6176	0	42.19
chr4_GL000008v2_random	0.1754	209709	0.0000	1.6814	3526	563	291	0.5800	0	2.95
chr5_GL000208v1_random	0.0010	92689	0.0000	0.0324	30	0	3	0.6333	0	0.05
chr9_KI270717v1_random	0.1511	40062	0.0000	2.7333	1095	30	114	0.5468	0	1.08
chr9_KI270718v1_random	6.9189	38054	0.0000	7.8599	2991	857	5181	0.6485	0	106.55
chr9_KI270719v1_random	1.1049	176845	0.0000	3.1078	5496	2614	1958	0.6563	0	11.86
chr9_KI270720v1_random	0.0299	39050	0.0000	0.5992	234	9	21	0.2778	0	0.47
chr11_KI270721v1_random	0.5939	100316	0.0000	2.3615	2369	1098	289	0.7059	0	15.21
chr14_GL000009v2_random	0.2386	201709	0.0000	2.1377	4312	584	540	0.5546	0	4.53
chr14_GL000225v1_random	0.0423	211173	0.0000	0.7922	1673	142	68	0.5051	0	0.53
chr14_KI270722v1_random	0.0727	194050	0.0000	1.1600	2251	151	181	0.5197	0	1.02
chr14_GL000194v1_random	0.6564	191469	0.0000	3.3071	6332	1049	1874	0.5932	0	11.83
chr14_KI270723v1_random	0.1404	38115	0.0000	1.1938	455	43	86	0.4978	0	1.66
chr14_KI270724v1_random	0.2979	39555	0.0000	1.7722	701	138	136	0.5464	0	3.37
chr14_KI270725v1_random	0.0148	172810	0.0000	0.5087	879	32	27	0.6107	0	0.27
chr14_KI270726v1_random	0.2996	43739	0.0000	2.8922	1265	153	156	0.5564	0	2.89
chr15_KI270727v1_random	0.1046	448248	0.0000	0.9736	4364	433	658	0.6187	0	1.68
chr16_KI270728v1_random	0.0608	1872759	0.0000	0.6778	12693	1098	1571	0.5549	0	1.61
chr17_GL000205v2_random	7.9380	185591	0.0000	10.1336	18807	16906	17498	0.5460	0	64.39
chr17_KI270729v1_random	0.0058	280839	0.0000	0.0819	230	33	4	0.4686	0	0.29
chr17_KI270730v1_random	0.0000	112551	0.0000	0.0000	0	0	0	0.0000	0	0.00
chr22_KI270731v1_random	0.2688	150754	0.0000	1.6265	2452	236	703	0.6560	0	8.18
chr22_KI270732v1_random	0.0074	41543	0.0000	0.2118	88	6	1	0.4026	0	0.20
chr22_KI270733v1_random	67.7233	179772	0.0000	23.1248	41572	282023	4625	0.6969	0	1216.08
chr22_KI270734v1_random	0.6171	165050	0.0000	1.9582	3232	921	1432	0.6712	0	15.94
chr22_KI270735v1_random	0.0030	42811	0.0000	0.1939	83	1	2	0.5827	0	0.07
chr22_KI270736v1_random	0.0000	181920	0.0000	0.0000	0	0	0	0.0000	0	0.00
chr22_KI270737v1_random	0.0017	103838	0.0000	0.0424	44	0	4	0.2500	0	0.08
chr22_KI270738v1_random	0.0062	99375	0.0000	0.1328	132	1	14	0.4016	0	0.20
chr22_KI270739v1_random	0.0024	73985	0.0000	0.0946	70	2	2	0.3750	0	0.08
chrY_KI270740v1_random	0.0000	37240	0.0000	0.0000	0	0	0	0.0000	0	0.00
chrUn_KI270302v1	0.0000	2274	0.0000	0.0000	0	0	0	0.0000	0	0.00
chrUn_KI270304v1	0.0000	2165	0.0000	0.0000	0	0	0	0.0000	0	0.00
chrUn_KI270303v1	0.0000	1942	0.0000	0.0000	0	0	0	0.0000	0	0.00
chrUn_KI270305v1	0.0000	1472	0.0000	0.0000	0	0	0	0.0000	0	0.00
chrUn_KI270322v1	0.0000	21476	0.0000	0.0000	0	0	0	0.0000	0	0.00
chrUn_KI270320v1	0.0000	4416	0.0000	0.0000	0	0	0	0.0000	0	0.00
chrUn_KI270310v1	0.0000	1201	0.0000	0.0000	0	0	0	0.0000	0	0.00
chrUn_KI270316v1	0.0000	1444	0.0000	0.0000	0	0	0	0.0000	0	0.00
chrUn_KI270315v1	0.0000	2276	0.0000	0.0000	0	0	0	0.0000	0	0.00
chrUn_KI270312v1	0.0000	998	0.0000	0.0000	0	0	0	0.0000	0	0.00
chrUn_KI270311v1	0.0000	12399	0.0000	0.0000	0	0	0	0.0000	0	0.00
chrUn_KI270317v1	0.0000	37690	0.0000	0.0000	0	0	0	0.0000	0	0.00
chrUn_KI270412v1	0.0000	1179	0.0000	0.0000	0	0	0	0.0000	0	0.00
chrUn_KI270411v1	0.0000	2646	0.0000	0.0000	0	0	0	0.0000	0	0.00
chrUn_KI270414v1	0.0000	2489	0.0000	0.0000	0	0	0	0.0000	0	0.00
chrUn_KI270419v1	0.0000	1029	0.0000	0.0000	0	0	0	0.0000	0	0.00
chrUn_KI270418v1	0.0000	2145	0.0000	0.0000	0	0	0	0.0000	0	0.00
chrUn_KI270420v1	0.0000	2321	0.0000	0.0000	0	0	0	0.0000	0	0.00
chrUn_KI270424v1	0.0000	2140	0.0000	0.0000	0	0	0	0.0000	0	0.00
chrUn_KI270417v1	0.0000	2043	0.0000	0.0000	0	0	0	0.0000	0	0.00
chrUn_KI270422v1	0.0000	1445	0.0000	0.0000	0	0	0	0.0000	0	0.00
chrUn_KI270423v1	0.0000	981	0.0000	0.0000	0	0	0	0.0000	0	0.00
chrUn_KI270425v1	0.0000	1884	0.0000	0.0000	0	0	0	0.0000	0	0.00
chrUn_KI270429v1	0.0000	1361	0.0000	0.0000	0	0	0	0.0000	0	0.00
chrUn_KI270442v1	0.9167	392061	0.0000	1.0312	4043	2422	6001	0.6221	0	29.41
chrUn_KI270466v1	0.0000	1233	0.0000	0.0000	0	0	0	0.0000	0	0.00
chrUn_KI270465v1	0.0000	1774	0.0000	0.0000	0	0	0	0.0000	0	0.00
chrUn_KI270467v1	0.0000	3920	0.0000	0.0000	0	0	0	0.0000	0	0.00
chrUn_KI270435v1	0.0000	92983	0.0000	0.0000	0	0	0	0.0000	0	0.00
chrUn_KI270438v1	0.0094	112505	0.0000	0.1849	208	30	0	0.4085	0	0.24
chrUn_KI270468v1	0.0000	4055	0.0000	0.0000	0	0	0	0.0000	0	0.00
chrUn_KI270510v1	0.0000	2415	0.0000	0.0000	0	0	0	0.0000	0	0.00
chrUn_KI270509v1	0.0000	2318	0.0000	0.0000	0	0	0	0.0000	0	0.00
chrUn_KI270518v1	0.0000	2186	0.0000	0.0000	0	0	0	0.0000	0	0.00
chrUn_KI270508v1	0.0000	1951	0.0000	0.0000	0	0	0	0.0000	0	0.00
chrUn_KI270516v1	0.0000	1300	0.0000	0.0000	0	0	0	0.0000	0	0.00
chrUn_KI270512v1	0.0071	22689	0.0000	0.1190	27	0	6	0.4444	0	0.21
chrUn_KI270519v1	0.0000	138126	0.0000	0.0000	0	0	0	0.0000	0	0.00
chrUn_KI270522v1	0.0000	5674	0.0000	0.0000	0	0	0	0.0000	0	0.00
chrUn_KI270511v1	0.0000	8127	0.0000	0.0000	0	0	0	0.0000	0	0.00
chrUn_KI270515v1	0.0000	6361	0.0000	0.0000	0	0	0	0.0000	0	0.00
chrUn_KI270507v1	0.0000	5353	0.0000	0.0000	0	0	0	0.0000	0	0.00
chrUn_KI270517v1	0.0000	3253	0.0000	0.0000	0	0	0	0.0000	0	0.00
chrUn_KI270529v1	0.0000	1899	0.0000	0.0000	0	0	0	0.0000	0	0.00
chrUn_KI270528v1	0.0000	2983	0.0000	0.0000	0	0	0	0.0000	0	0.00
chrUn_KI270530v1	0.0000	2168	0.0000	0.0000	0	0	0	0.0000	0	0.00
chrUn_KI270539v1	0.0000	993	0.0000	0.0000	0	0	0	0.0000	0	0.00
chrUn_KI270538v1	0.0000	91309	0.0000	0.0000	0	0	0	0.0000	0	0.00
chrUn_KI270544v1	0.0000	1202	0.0000	0.0000	0	0	0	0.0000	0	0.00
chrUn_KI270548v1	0.0000	1599	0.0000	0.0000	0	0	0	0.0000	0	0.00
chrUn_KI270583v1	0.0000	1400	0.0000	0.0000	0	0	0	0.0000	0	0.00
chrUn_KI270587v1	0.0000	2969	0.0000	0.0000	0	0	0	0.0000	0	0.00
chrUn_KI270580v1	0.0476	1553	0.0000	2.3825	37	0	2	0.3784	0	0.30
chrUn_KI270581v1	0.0000	7046	0.0000	0.0000	0	0	0	0.0000	0	0.00
chrUn_KI270579v1	0.0000	31033	0.0000	0.0000	0	0	0	0.0000	0	0.00
chrUn_KI270589v1	0.0000	44474	0.0000	0.0000	0	0	0	0.0000	0	0.00
chrUn_KI270590v1	0.0000	4685	0.0000	0.0000	0	0	0	0.0000	0	0.00
chrUn_KI270584v1	0.0000	4513	0.0000	0.0000	0	0	0	0.0000	0	0.00
chrUn_KI270582v1	0.0114	6504	0.0000	0.5689	37	0	2	0.3784	0	0.15
chrUn_KI270588v1	0.0000	6158	0.0000	0.0000	0	0	0	0.0000	0	0.00
chrUn_KI270593v1	0.0000	3041	0.0000	0.0000	0	0	0	0.0000	0	0.00
chrUn_KI270591v1	0.0000	5796	0.0000	0.0000	0	0	0	0.0000	0	0.00
chrUn_KI270330v1	0.0000	1652	0.0000	0.0000	0	0	0	0.0000	0	0.00
chrUn_KI270329v1	0.0000	1040	0.0000	0.0000	0	0	0	0.0000	0	0.00
chrUn_KI270334v1	0.0000	1368	0.0000	0.0000	0	0	0	0.0000	0	0.00
chrUn_KI270333v1	0.0978	2699	0.0000	1.6302	44	0	6	0.2955	0	0.76
chrUn_KI270335v1	0.0000	1048	0.0000	0.0000	0	0	0	0.0000	0	0.00
chrUn_KI270338v1	0.0000	1428	0.0000	0.0000	0	0	0	0.0000	0	0.00
chrUn_KI270340v1	0.0000	1428	0.0000	0.0000	0	0	0	0.0000	0	0.00
chrUn_KI270336v1	0.0000	1026	0.0000	0.0000	0	0	0	0.0000	0	0.00
chrUn_KI270337v1	0.2355	1121	0.0000	3.9251	44	0	6	0.2955	0	1.16
chrUn_KI270363v1	0.0000	1803	0.0000	0.0000	0	0	0	0.0000	0	0.00
chrUn_KI270364v1	0.0000	2855	0.0000	0.0000	0	0	0	0.0000	0	0.00
chrUn_KI270362v1	0.0000	3530	0.0000	0.0000	0	0	0	0.0000	0	0.00
chrUn_KI270366v1	0.0159	8320	0.0000	0.5288	44	3	0	0.3409	0	0.22
chrUn_KI270378v1	0.0000	1048	0.0000	0.0000	0	0	0	0.0000	0	0.00
chrUn_KI270379v1	0.0000	1045	0.0000	0.0000	0	0	0	0.0000	0	0.00
chrUn_KI270389v1	0.0000	1298	0.0000	0.0000	0	0	0	0.0000	0	0.00
chrUn_KI270390v1	0.0000	2387	0.0000	0.0000	0	0	0	0.0000	0	0.00
chrUn_KI270387v1	0.0000	1537	0.0000	0.0000	0	0	0	0.0000	0	0.00
chrUn_KI270395v1	0.0000	1143	0.0000	0.0000	0	0	0	0.0000	0	0.00
chrUn_KI270396v1	0.0000	1880	0.0000	0.0000	0	0	0	0.0000	0	0.00
chrUn_KI270388v1	0.0000	1216	0.0000	0.0000	0	0	0	0.0000	0	0.00
chrUn_KI270394v1	0.0000	970	0.0000	0.0000	0	0	0	0.0000	0	0.00
chrUn_KI270386v1	0.0000	1788	0.0000	0.0000	0	0	0	0.0000	0	0.00
chrUn_KI270391v1	0.0000	1484	0.0000	0.0000	0	0	0	0.0000	0	0.00
chrUn_KI270383v1	0.0000	1750	0.0000	0.0000	0	0	0	0.0000	0	0.00
chrUn_KI270393v1	0.0000	1308	0.0000	0.0000	0	0	0	0.0000	0	0.00
chrUn_KI270384v1	0.0000	1658	0.0000	0.0000	0	0	0	0.0000	0	0.00
chrUn_KI270392v1	0.0000	971	0.0000	0.0000	0	0	0	0.0000	0	0.00
chrUn_KI270381v1	0.0000	1930	0.0000	0.0000	0	0	0	0.0000	0	0.00
chrUn_KI270385v1	0.0000	990	0.0000	0.0000	0	0	0	0.0000	0	0.00
chrUn_KI270382v1	0.0000	4215	0.0000	0.0000	0	0	0	0.0000	0	0.00
chrUn_KI270376v1	0.0000	1136	0.0000	0.0000	0	0	0	0.0000	0	0.00
chrUn_KI270374v1	0.0000	2656	0.0000	0.0000	0	0	0	0.0000	0	0.00
chrUn_KI270372v1	0.0000	1650	0.0000	0.0000	0	0	0	0.0000	0	0.00
chrUn_KI270373v1	0.0000	1451	0.0000	0.0000	0	0	0	0.0000	0	0.00
chrUn_KI270375v1	0.0000	2378	0.0000	0.0000	0	0	0	0.0000	0	0.00
chrUn_KI270371v1	0.0000	2805	0.0000	0.0000	0	0	0	0.0000	0	0.00
chrUn_KI270448v1	0.0000	7992	0.0000	0.0000	0	0	0	0.0000	0	0.00
chrUn_KI270521v1	0.0051	7642	0.0000	0.5103	39	1	0	0.5682	0	0.07
chrUn_GL000195v1	4.6892	182896	0.0000	10.3496	18929	12864	7185	0.5774	0	52.43
chrUn_GL000219v1	2.4446	179198	0.0000	3.7277	6680	4660	5609	0.6467	0	51.82
chrUn_GL000220v1	81.5983	161802	0.0000	24.8192	40158	304738	5114	0.7109	0	1534.28
chrUn_GL000224v1	0.0850	179693	0.0000	1.2399	2228	285	73	0.5419	0	1.24
chrUn_KI270741v1	0.0584	157432	0.0000	0.6955	1095	179	37	0.5771	0	1.16
chrUn_GL000226v1	0.0000	15008	0.0000	0.0000	0	0	0	0.0000	0	0.00
chrUn_GL000213v1	0.0306	164239	0.0000	0.4396	722	63	53	0.5890	0	0.54
chrUn_KI270743v1	0.3590	210658	0.0000	2.2980	4841	1200	552	0.5758	0	7.26
chrUn_KI270744v1	0.2141	168472	0.0000	2.1707	3657	402	448	0.5652	0	2.46
chrUn_KI270745v1	0.1703	41891	0.0000	4.2563	1783	134	32	0.5134	0	1.11
chrUn_KI270746v1	0.0159	66486	0.0000	0.3369	224	8	20	0.3719	0	0.32
chrUn_KI270747v1	0.0081	198735	0.0000	0.2088	415	5	32	0.4981	0	0.30
chrUn_KI270748v1	0.3609	93321	0.0000	2.2214	2073	657	127	0.6675	0	6.89
chrUn_KI270749v1	0.0336	158759	0.0000	0.4378	695	35	92	0.6223	0	0.91
chrUn_KI270750v1	0.0229	148850	0.0000	0.3540	527	58	21	0.5784	0	0.45
chrUn_KI270751v1	0.1213	150742	0.0000	1.3507	2036	175	256	0.5480	0	1.95
chrUn_KI270752v1	0.0000	27745	0.0000	0.0000	0	0	0	0.0000	0	0.00
chrUn_KI270753v1	0.0202	62944	0.0000	0.3543	223	11	18	0.5000	0	0.34
chrUn_KI270754v1	0.0988	40191	0.0000	1.3262	533	27	67	0.6417	0	1.17
chrUn_KI270755v1	0.0276	36723	0.0000	0.3703	136	17	6	0.5099	0	0.46
chrUn_KI270756v1	0.0000	79590	0.0000	0.0000	0	0	0	0.0000	0	0.00
chrUn_KI270757v1	0.0019	71251	0.0000	0.0618	44	0	3	0.4091	0	0.07
chrUn_GL000214v1	0.3956	137718	0.0000	2.5683	3537	587	694	0.5801	0	6.29
chrUn_KI270742v1	1.5250	186739	0.0000	3.7036	6916	1571	5008	0.6164	0	39.03
chrUn_GL000216v2	0.0245	176608	0.0000	0.4700	830	42	62	0.5136	0	0.39
chrUn_GL000218v1	0.6324	161147	0.0000	3.1419	5063	1058	1322	0.5725	0	10.50
chrEBV	77.7618	171823	0.0000	69.6554	119684	92439	217314	0.6883	8	1499.56
