#ID	Avg_fold	Length	Ref_GC	Covered_percent	Covered_bases	Plus_reads	Minus_reads	Read_GC	Median_fold	Std_Dev
chr1	0.5966	248956422	0.0000	2.9996	7467744	1724284	1778107	0.5972	0	74.97
chr2	0.3212	242193529	0.0000	2.3067	5586636	938839	904270	0.6281	0	13.71
chr3	0.3047	198295559	0.0000	2.2136	4389397	721561	709661	0.6287	0	13.97
chr4	0.1978	190214555	0.0000	1.5370	2923583	454383	438100	0.6243	0	8.92
chr5	0.3136	181538259	0.0000	2.0992	3810835	664428	687003	0.6332	0	14.05
chr6	0.4095	170805979	0.0000	2.5491	4354062	868472	788236	0.6021	0	35.42
chr7	0.3679	159345973	0.0000	2.4472	3899563	694788	692780	0.6379	0	18.07
chr8	0.2510	145138636	0.0000	1.9795	2873038	430732	434793	0.6356	0	9.57
chr9	0.3580	138394717	0.0000	2.3281	3221929	594149	579190	0.6405	0	17.12
chr10	0.3334	133797422	0.0000	2.5010	3346323	549053	507439	0.6311	0	11.54
chr11	0.4226	135086622	0.0000	2.6784	3618203	651325	700993	0.6327	0	17.81
chr12	0.5386	133275309	0.0000	3.2038	4269864	853500	847980	0.6167	0	24.79
chr13	0.1792	114364328	0.0000	1.4192	1623007	240034	247267	0.6286	0	8.81
chr14	0.4031	107043718	0.0000	2.5046	2681009	510855	508536	0.6068	0	55.74
chr15	0.3924	101991189	0.0000	2.6158	2667887	485713	461806	0.6285	0	16.80
chr16	0.5660	90338345	0.0000	3.6841	3328126	598976	610823	0.6533	0	17.58
chr17	1.0279	83257441	0.0000	5.0954	4242327	974704	1041842	0.5995	0	96.91
chr18	0.2044	80373285	0.0000	1.7467	1403857	193795	195788	0.6342	0	11.27
chr19	1.1908	58617616	0.0000	6.5756	3854449	881660	768802	0.6387	0	32.20
chr20	0.4421	64444167	0.0000	3.0696	1978208	354762	319625	0.6431	0	15.15
chr21	0.5821	46709983	0.0000	2.4155	1128276	476417	171374	0.6777	0	83.12
chr22	0.5626	50818468	0.0000	3.7027	1881650	334370	342467	0.6415	0	18.22
chrX	0.1652	156040895	0.0000	1.5010	2342231	316697	295172	0.6150	0	8.06
chrY	0.0039	57227415	0.0000	0.1025	58638	2806	2772	0.5741	0	0.59
chrM	209.6569	16569	0.0000	99.3844	16467	69756	19686	0.4401	139	629.17
chr1_KI270706v1_random	0.0442	175055	0.0000	1.6389	2869	102	87	0.5258	0	0.53
chr1_KI270707v1_random	0.0216	32032	0.0000	1.1551	370	11	6	0.4907	0	0.24
chr1_KI270708v1_random	0.0140	127682	0.0000	0.9665	1234	22	24	0.5206	0	0.16
chr1_KI270709v1_random	0.0000	66860	0.0000	0.0000	0	0	0	0.0000	0	0.00
chr1_KI270710v1_random	0.0011	40176	0.0000	0.1095	44	1	0	0.6364	0	0.03
chr1_KI270711v1_random	0.0366	42210	0.0000	1.4925	630	14	23	0.5052	0	0.50
chr1_KI270712v1_random	0.0638	176043	0.0000	1.5371	2706	128	142	0.6169	0	1.03
chr1_KI270713v1_random	76.1211	40745	0.0000	11.0099	4486	2980	68172	0.4869	0	1983.75
chr1_KI270714v1_random	0.3513	41717	0.0000	3.9960	1667	96	250	0.4932	0	4.53
chr2_KI270715v1_random	0.0000	161471	0.0000	0.0000	0	0	0	0.0000	0	0.00
chr2_KI270716v1_random	0.0000	153799	0.0000	0.0000	0	0	0	0.0000	0	0.00
chr3_GL000221v1_random	0.3411	155397	0.0000	2.6873	4176	244	1001	0.6288	0	8.83
chr4_GL000008v2_random	0.0385	209709	0.0000	0.9442	1980	145	53	0.6267	0	1.05
chr5_GL000208v1_random	0.0000	92689	0.0000	0.0000	0	0	0	0.0000	0	0.00
chr9_KI270717v1_random	0.0592	40062	0.0000	3.0702	1230	14	41	0.5579	0	0.45
chr9_KI270718v1_random	4.3944	38054	0.0000	11.2945	4298	572	3326	0.6425	0	66.92
chr9_KI270719v1_random	0.5271	176845	0.0000	3.9673	7016	1483	766	0.6540	0	6.07
chr9_KI270720v1_random	0.0299	39050	0.0000	1.3316	520	17	15	0.4166	0	0.30
chr11_KI270721v1_random	0.3810	100316	0.0000	2.9646	2974	783	124	0.7058	0	11.21
chr14_GL000009v2_random	0.0447	201709	0.0000	1.1928	2406	110	108	0.5838	0	0.95
chr14_GL000225v1_random	0.0201	211173	0.0000	0.8529	1801	64	40	0.5546	0	0.30
chr14_KI270722v1_random	0.0175	194050	0.0000	0.8189	1589	37	50	0.5498	0	0.34
chr14_GL000194v1_random	0.1678	191469	0.0000	2.2735	4353	305	454	0.6154	0	3.52
chr14_KI270723v1_random	0.0531	38115	0.0000	1.7946	684	15	35	0.5170	0	0.64
chr14_KI270724v1_random	0.1154	39555	0.0000	1.7368	687	41	71	0.5252	0	1.48
chr14_KI270725v1_random	0.0106	172810	0.0000	0.4242	733	19	25	0.6264	0	0.24
chr14_KI270726v1_random	0.1426	43739	0.0000	2.9265	1280	85	65	0.5583	0	2.10
chr15_KI270727v1_random	0.0378	448248	0.0000	0.9800	4393	130	273	0.6227	0	0.97
chr16_KI270728v1_random	0.0368	1872759	0.0000	0.8588	16084	560	1098	0.5435	0	1.05
chr17_GL000205v2_random	2.7958	185591	0.0000	11.3637	21090	6618	5747	0.5494	0	21.54
chr17_KI270729v1_random	0.0018	280839	0.0000	0.0766	215	8	4	0.5299	0	0.08
chr17_KI270730v1_random	0.0007	112551	0.0000	0.0729	82	1	1	0.5488	0	0.03
chr22_KI270731v1_random	0.1888	150754	0.0000	3.2696	4929	238	443	0.6219	0	3.65
chr22_KI270732v1_random	0.0017	41543	0.0000	0.1709	71	1	1	0.6197	0	0.04
chr22_KI270733v1_random	33.3752	179772	0.0000	25.1335	45183	142171	2108	0.7231	0	830.21
chr22_KI270734v1_random	0.3010	165050	0.0000	3.5765	5903	619	559	0.6488	0	5.28
chr22_KI270735v1_random	0.0049	42811	0.0000	0.2873	123	1	4	0.5286	0	0.10
chr22_KI270736v1_random	0.0005	181920	0.0000	0.0242	44	2	0	0.4091	0	0.03
chr22_KI270737v1_random	0.0008	103838	0.0000	0.0847	88	1	1	0.3636	0	0.03
chr22_KI270738v1_random	0.0000	99375	0.0000	0.0000	0	0	0	0.0000	0	0.00
chr22_KI270739v1_random	0.0012	73985	0.0000	0.1189	88	0	2	0.4886	0	0.03
chrY_KI270740v1_random	0.0000	37240	0.0000	0.0000	0	0	0	0.0000	0	0.00
chrUn_KI270302v1	0.0000	2274	0.0000	0.0000	0	0	0	0.0000	0	0.00
chrUn_KI270304v1	0.0000	2165	0.0000	0.0000	0	0	0	0.0000	0	0.00
chrUn_KI270303v1	0.0000	1942	0.0000	0.0000	0	0	0	0.0000	0	0.00
chrUn_KI270305v1	0.0000	1472	0.0000	0.0000	0	0	0	0.0000	0	0.00
chrUn_KI270322v1	0.0000	21476	0.0000	0.0000	0	0	0	0.0000	0	0.00
chrUn_KI270320v1	0.0000	4416	0.0000	0.0000	0	0	0	0.0000	0	0.00
chrUn_KI270310v1	0.0000	1201	0.0000	0.0000	0	0	0	0.0000	0	0.00
chrUn_KI270316v1	0.0000	1444	0.0000	0.0000	0	0	0	0.0000	0	0.00
chrUn_KI270315v1	0.0000	2276	0.0000	0.0000	0	0	0	0.0000	0	0.00
chrUn_KI270312v1	0.0000	998	0.0000	0.0000	0	0	0	0.0000	0	0.00
chrUn_KI270311v1	0.0000	12399	0.0000	0.0000	0	0	0	0.0000	0	0.00
chrUn_KI270317v1	0.0000	37690	0.0000	0.0000	0	0	0	0.0000	0	0.00
chrUn_KI270412v1	0.0000	1179	0.0000	0.0000	0	0	0	0.0000	0	0.00
chrUn_KI270411v1	0.0000	2646	0.0000	0.0000	0	0	0	0.0000	0	0.00
chrUn_KI270414v1	0.0000	2489	0.0000	0.0000	0	0	0	0.0000	0	0.00
chrUn_KI270419v1	0.0000	1029	0.0000	0.0000	0	0	0	0.0000	0	0.00
chrUn_KI270418v1	0.0000	2145	0.0000	0.0000	0	0	0	0.0000	0	0.00
chrUn_KI270420v1	0.0000	2321	0.0000	0.0000	0	0	0	0.0000	0	0.00
chrUn_KI270424v1	0.0000	2140	0.0000	0.0000	0	0	0	0.0000	0	0.00
chrUn_KI270417v1	0.0000	2043	0.0000	0.0000	0	0	0	0.0000	0	0.00
chrUn_KI270422v1	0.0000	1445	0.0000	0.0000	0	0	0	0.0000	0	0.00
chrUn_KI270423v1	0.0000	981	0.0000	0.0000	0	0	0	0.0000	0	0.00
chrUn_KI270425v1	0.0000	1884	0.0000	0.0000	0	0	0	0.0000	0	0.00
chrUn_KI270429v1	0.0000	1361	0.0000	0.0000	0	0	0	0.0000	0	0.00
chrUn_KI270442v1	0.3745	392061	0.0000	1.1501	4509	1157	2366	0.6288	0	11.47
chrUn_KI270466v1	0.0000	1233	0.0000	0.0000	0	0	0	0.0000	0	0.00
chrUn_KI270465v1	0.0000	1774	0.0000	0.0000	0	0	0	0.0000	0	0.00
chrUn_KI270467v1	0.0000	3920	0.0000	0.0000	0	0	0	0.0000	0	0.00
chrUn_KI270435v1	0.0013	92983	0.0000	0.0839	78	0	3	0.4508	0	0.05
chrUn_KI270438v1	0.0000	112505	0.0000	0.0000	0	0	0	0.0000	0	0.00
chrUn_KI270468v1	0.0000	4055	0.0000	0.0000	0	0	0	0.0000	0	0.00
chrUn_KI270510v1	0.0000	2415	0.0000	0.0000	0	0	0	0.0000	0	0.00
chrUn_KI270509v1	0.0000	2318	0.0000	0.0000	0	0	0	0.0000	0	0.00
chrUn_KI270518v1	0.0000	2186	0.0000	0.0000	0	0	0	0.0000	0	0.00
chrUn_KI270508v1	0.0000	1951	0.0000	0.0000	0	0	0	0.0000	0	0.00
chrUn_KI270516v1	0.0000	1300	0.0000	0.0000	0	0	0	0.0000	0	0.00
chrUn_KI270512v1	0.0000	22689	0.0000	0.0000	0	0	0	0.0000	0	0.00
chrUn_KI270519v1	0.0009	138126	0.0000	0.0630	87	1	2	0.4621	0	0.04
chrUn_KI270522v1	0.0000	5674	0.0000	0.0000	0	0	0	0.0000	0	0.00
chrUn_KI270511v1	0.0000	8127	0.0000	0.0000	0	0	0	0.0000	0	0.00
chrUn_KI270515v1	0.0000	6361	0.0000	0.0000	0	0	0	0.0000	0	0.00
chrUn_KI270507v1	0.0000	5353	0.0000	0.0000	0	0	0	0.0000	0	0.00
chrUn_KI270517v1	0.0000	3253	0.0000	0.0000	0	0	0	0.0000	0	0.00
chrUn_KI270529v1	0.0000	1899	0.0000	0.0000	0	0	0	0.0000	0	0.00
chrUn_KI270528v1	0.0000	2983	0.0000	0.0000	0	0	0	0.0000	0	0.00
chrUn_KI270530v1	0.0000	2168	0.0000	0.0000	0	0	0	0.0000	0	0.00
chrUn_KI270539v1	0.0000	993	0.0000	0.0000	0	0	0	0.0000	0	0.00
chrUn_KI270538v1	0.0005	91309	0.0000	0.0482	44	0	1	0.2955	0	0.02
chrUn_KI270544v1	0.0000	1202	0.0000	0.0000	0	0	0	0.0000	0	0.00
chrUn_KI270548v1	0.0000	1599	0.0000	0.0000	0	0	0	0.0000	0	0.00
chrUn_KI270583v1	0.0000	1400	0.0000	0.0000	0	0	0	0.0000	0	0.00
chrUn_KI270587v1	0.0000	2969	0.0000	0.0000	0	0	0	0.0000	0	0.00
chrUn_KI270580v1	0.0000	1553	0.0000	0.0000	0	0	0	0.0000	0	0.00
chrUn_KI270581v1	0.0062	7046	0.0000	0.6245	44	0	1	0.5909	0	0.08
chrUn_KI270579v1	0.0010	31033	0.0000	0.0967	30	1	0	0.6000	0	0.03
chrUn_KI270589v1	0.0000	44474	0.0000	0.0000	0	0	0	0.0000	0	0.00
chrUn_KI270590v1	0.0000	4685	0.0000	0.0000	0	0	0	0.0000	0	0.00
chrUn_KI270584v1	0.0000	4513	0.0000	0.0000	0	0	0	0.0000	0	0.00
chrUn_KI270582v1	0.0000	6504	0.0000	0.0000	0	0	0	0.0000	0	0.00
chrUn_KI270588v1	0.0000	6158	0.0000	0.0000	0	0	0	0.0000	0	0.00
chrUn_KI270593v1	0.0000	3041	0.0000	0.0000	0	0	0	0.0000	0	0.00
chrUn_KI270591v1	0.0000	5796	0.0000	0.0000	0	0	0	0.0000	0	0.00
chrUn_KI270330v1	0.0000	1652	0.0000	0.0000	0	0	0	0.0000	0	0.00
chrUn_KI270329v1	0.0000	1040	0.0000	0.0000	0	0	0	0.0000	0	0.00
chrUn_KI270334v1	0.0000	1368	0.0000	0.0000	0	0	0	0.0000	0	0.00
chrUn_KI270333v1	0.0000	2699	0.0000	0.0000	0	0	0	0.0000	0	0.00
chrUn_KI270335v1	0.0000	1048	0.0000	0.0000	0	0	0	0.0000	0	0.00
chrUn_KI270338v1	0.0000	1428	0.0000	0.0000	0	0	0	0.0000	0	0.00
chrUn_KI270340v1	0.0000	1428	0.0000	0.0000	0	0	0	0.0000	0	0.00
chrUn_KI270336v1	0.0000	1026	0.0000	0.0000	0	0	0	0.0000	0	0.00
chrUn_KI270337v1	0.0000	1121	0.0000	0.0000	0	0	0	0.0000	0	0.00
chrUn_KI270363v1	0.0000	1803	0.0000	0.0000	0	0	0	0.0000	0	0.00
chrUn_KI270364v1	0.0000	2855	0.0000	0.0000	0	0	0	0.0000	0	0.00
chrUn_KI270362v1	0.0000	3530	0.0000	0.0000	0	0	0	0.0000	0	0.00
chrUn_KI270366v1	0.0000	8320	0.0000	0.0000	0	0	0	0.0000	0	0.00
chrUn_KI270378v1	0.0000	1048	0.0000	0.0000	0	0	0	0.0000	0	0.00
chrUn_KI270379v1	0.0000	1045	0.0000	0.0000	0	0	0	0.0000	0	0.00
chrUn_KI270389v1	0.0000	1298	0.0000	0.0000	0	0	0	0.0000	0	0.00
chrUn_KI270390v1	0.0000	2387	0.0000	0.0000	0	0	0	0.0000	0	0.00
chrUn_KI270387v1	0.0000	1537	0.0000	0.0000	0	0	0	0.0000	0	0.00
chrUn_KI270395v1	0.0000	1143	0.0000	0.0000	0	0	0	0.0000	0	0.00
chrUn_KI270396v1	0.0000	1880	0.0000	0.0000	0	0	0	0.0000	0	0.00
chrUn_KI270388v1	0.0000	1216	0.0000	0.0000	0	0	0	0.0000	0	0.00
chrUn_KI270394v1	0.0000	970	0.0000	0.0000	0	0	0	0.0000	0	0.00
chrUn_KI270386v1	0.0000	1788	0.0000	0.0000	0	0	0	0.0000	0	0.00
chrUn_KI270391v1	0.0000	1484	0.0000	0.0000	0	0	0	0.0000	0	0.00
chrUn_KI270383v1	0.0000	1750	0.0000	0.0000	0	0	0	0.0000	0	0.00
chrUn_KI270393v1	0.0000	1308	0.0000	0.0000	0	0	0	0.0000	0	0.00
chrUn_KI270384v1	0.0000	1658	0.0000	0.0000	0	0	0	0.0000	0	0.00
chrUn_KI270392v1	0.0000	971	0.0000	0.0000	0	0	0	0.0000	0	0.00
chrUn_KI270381v1	0.0000	1930	0.0000	0.0000	0	0	0	0.0000	0	0.00
chrUn_KI270385v1	0.0000	990	0.0000	0.0000	0	0	0	0.0000	0	0.00
chrUn_KI270382v1	0.0000	4215	0.0000	0.0000	0	0	0	0.0000	0	0.00
chrUn_KI270376v1	0.0000	1136	0.0000	0.0000	0	0	0	0.0000	0	0.00
chrUn_KI270374v1	0.0000	2656	0.0000	0.0000	0	0	0	0.0000	0	0.00
chrUn_KI270372v1	0.0000	1650	0.0000	0.0000	0	0	0	0.0000	0	0.00
chrUn_KI270373v1	0.0000	1451	0.0000	0.0000	0	0	0	0.0000	0	0.00
chrUn_KI270375v1	0.0000	2378	0.0000	0.0000	0	0	0	0.0000	0	0.00
chrUn_KI270371v1	0.0000	2805	0.0000	0.0000	0	0	0	0.0000	0	0.00
chrUn_KI270448v1	0.0108	7992	0.0000	0.5380	43	0	2	0.3182	0	0.15
chrUn_KI270521v1	0.0247	7642	0.0000	1.5310	117	3	2	0.5236	0	0.21
chrUn_GL000195v1	1.6162	182896	0.0000	10.7936	19741	4318	2719	0.5741	0	14.89
chrUn_GL000219v1	1.6924	179198	0.0000	6.5051	11657	3081	4234	0.6317	0	35.77
chrUn_GL000220v1	39.5108	161802	0.0000	26.9521	43609	151026	2174	0.7353	0	990.84
chrUn_GL000224v1	0.0316	179693	0.0000	0.8459	1520	118	19	0.5879	0	0.65
chrUn_KI270741v1	0.0347	157432	0.0000	0.9395	1479	117	17	0.5948	0	0.68
chrUn_GL000226v1	0.0000	15008	0.0000	0.0000	0	0	0	0.0000	0	0.00
chrUn_GL000213v1	0.0060	164239	0.0000	0.3568	586	14	10	0.5520	0	0.12
chrUn_KI270743v1	0.0719	210658	0.0000	1.2095	2548	286	83	0.5893	0	1.80
chrUn_KI270744v1	0.1610	168472	0.0000	3.6036	6071	408	243	0.4949	0	2.53
chrUn_KI270745v1	0.1025	41891	0.0000	5.0178	2102	82	23	0.4997	0	0.76
chrUn_KI270746v1	0.0043	66486	0.0000	0.3685	245	5	2	0.3945	0	0.08
chrUn_KI270747v1	0.0045	198735	0.0000	0.1983	394	5	16	0.5235	0	0.13
chrUn_KI270748v1	0.1399	93321	0.0000	3.2415	3025	222	86	0.6294	0	1.97
chrUn_KI270749v1	0.0203	158759	0.0000	0.3515	558	16	62	0.6321	0	0.59
chrUn_KI270750v1	0.0180	148850	0.0000	0.4985	742	29	34	0.5776	0	0.42
chrUn_KI270751v1	0.0299	150742	0.0000	0.7642	1152	49	62	0.5835	0	0.77
chrUn_KI270752v1	0.0009	27745	0.0000	0.0901	25	0	1	0.1000	0	0.03
chrUn_KI270753v1	0.0059	62944	0.0000	0.2256	142	7	2	0.5450	0	0.16
chrUn_KI270754v1	0.0744	40191	0.0000	1.9134	769	36	36	0.6091	0	0.91
chrUn_KI270755v1	0.0078	36723	0.0000	0.3104	114	7	0	0.5483	0	0.18
chrUn_KI270756v1	0.0000	79590	0.0000	0.0000	0	0	0	0.0000	0	0.00
chrUn_KI270757v1	0.0000	71251	0.0000	0.0000	0	0	0	0.0000	0	0.00
chrUn_GL000214v1	0.0604	137718	0.0000	1.3949	1921	115	89	0.5950	0	0.95
chrUn_KI270742v1	0.3019	186739	0.0000	2.3943	4471	312	1012	0.6228	0	8.19
chrUn_GL000216v2	0.0069	176608	0.0000	0.3363	594	15	16	0.5478	0	0.13
chrUn_GL000218v1	0.1575	161147	0.0000	1.8455	2974	274	329	0.6114	0	3.31
chrEBV	19.3519	171823	0.0000	62.2356	106935	49272	30192	0.6453	1	235.82
