#ID	Avg_fold	Length	Ref_GC	Covered_percent	Covered_bases	Plus_reads	Minus_reads	Read_GC	Median_fold	Std_Dev
chr1	1.0177	248956422	0.0000	5.4239	13503134	2916079	2996583	0.6026	0	86.15
chr2	0.5621	242193529	0.0000	4.2405	10270238	1623361	1556505	0.6316	0	24.74
chr3	0.5531	198295559	0.0000	4.1410	8211425	1284632	1276924	0.6337	0	22.87
chr4	0.3535	190214555	0.0000	2.8814	5480825	795399	776165	0.6307	0	14.91
chr5	0.5696	181538259	0.0000	3.9405	7153512	1171246	1248302	0.6348	0	24.98
chr6	0.6994	170805979	0.0000	4.4492	7599476	1452790	1338684	0.6098	0	42.43
chr7	0.6679	159345973	0.0000	4.7206	7522059	1252848	1232475	0.6377	0	31.84
chr8	0.4636	145138636	0.0000	3.6967	5365296	783647	790766	0.6395	0	16.69
chr9	0.6517	138394717	0.0000	4.5473	6293167	1055189	1051181	0.6421	0	28.95
chr10	0.6002	133797422	0.0000	4.7190	6313845	979394	896552	0.6346	0	19.92
chr11	0.7589	135086622	0.0000	4.9444	6679195	1139021	1257528	0.6351	0	29.94
chr12	0.7749	133275309	0.0000	5.3293	7102703	1226800	1185263	0.6226	0	33.21
chr13	0.3223	114364328	0.0000	2.6517	3032598	426148	435995	0.6319	0	13.49
chr14	0.7018	107043718	0.0000	4.5492	4869601	881388	870894	0.6158	0	64.49
chr15	0.6829	101991189	0.0000	4.8068	4902516	829095	795685	0.6351	0	24.65
chr16	1.0604	90338345	0.0000	7.1891	6494506	1118811	1116007	0.6549	0	31.29
chr17	1.7323	83257441	0.0000	9.4049	7830312	1610902	1753081	0.6098	0	105.87
chr18	0.3713	80373285	0.0000	3.1216	2508958	348947	348363	0.6381	0	20.86
chr19	2.0952	58617616	0.0000	12.2459	7178241	1551044	1314961	0.6419	0	52.96
chr20	0.7857	64444167	0.0000	5.7179	3684852	617471	564532	0.6467	0	26.88
chr21	1.7069	46709983	0.0000	4.2669	1993059	1570306	334866	0.6685	0	123.27
chr22	1.0124	50818468	0.0000	7.0819	3598889	584906	615550	0.6458	0	28.25
chrX	0.2656	156040895	0.0000	2.6346	4111013	495819	475011	0.6182	0	12.50
chrY	0.0359	57227415	0.0000	0.5786	331111	27518	21189	0.5528	0	2.70
chrM	1658.2566	16569	0.0000	99.9940	16568	606966	84936	0.4550	1153	2715.79
chr1_KI270706v1_random	0.3305	175055	0.0000	7.7998	13654	569	792	0.5443	0	6.62
chr1_KI270707v1_random	0.1246	32032	0.0000	6.6496	2130	35	62	0.4742	0	0.59
chr1_KI270708v1_random	0.0692	127682	0.0000	2.7169	3469	132	90	0.4838	0	0.65
chr1_KI270709v1_random	0.0051	66860	0.0000	0.4472	299	4	4	0.4290	0	0.08
chr1_KI270710v1_random	0.0022	40176	0.0000	0.2190	88	2	0	0.3523	0	0.05
chr1_KI270711v1_random	0.1395	42210	0.0000	6.8799	2904	16	127	0.4593	0	0.73
chr1_KI270712v1_random	0.1261	176043	0.0000	3.6571	6438	267	260	0.6022	0	1.68
chr1_KI270713v1_random	106.9944	40745	0.0000	15.5209	6324	2677	97201	0.4867	0	2156.41
chr1_KI270714v1_random	0.3338	41717	0.0000	5.1610	2153	98	231	0.5567	0	2.93
chr2_KI270715v1_random	0.0000	161471	0.0000	0.0000	0	0	0	0.0000	0	0.00
chr2_KI270716v1_random	0.0000	153799	0.0000	0.0000	0	0	0	0.0000	0	0.00
chr3_GL000221v1_random	1.0708	155397	0.0000	9.2659	14399	827	3055	0.6102	0	24.06
chr4_GL000008v2_random	0.1349	209709	0.0000	4.0728	8541	483	199	0.5641	0	1.78
chr5_GL000208v1_random	0.0032	92689	0.0000	0.2751	255	5	2	0.4314	0	0.06
chr9_KI270717v1_random	0.2207	40062	0.0000	9.4753	3796	35	171	0.5367	0	1.03
chr9_KI270718v1_random	7.2080	38054	0.0000	28.5489	10864	701	5628	0.6323	0	104.08
chr9_KI270719v1_random	1.4479	176845	0.0000	7.9708	14096	3476	2555	0.6505	0	14.25
chr9_KI270720v1_random	0.0597	39050	0.0000	3.6953	1443	22	40	0.4066	0	0.36
chr11_KI270721v1_random	0.6571	100316	0.0000	8.9268	8955	1346	203	0.6880	0	16.03
chr14_GL000009v2_random	0.2415	201709	0.0000	5.8892	11879	567	592	0.5450	0	3.39
chr14_GL000225v1_random	0.0321	211173	0.0000	1.4912	3149	114	49	0.5461	0	0.39
chr14_KI270722v1_random	0.0597	194050	0.0000	2.5236	4897	162	136	0.5009	0	0.56
chr14_GL000194v1_random	0.7960	191469	0.0000	11.7560	22509	1128	2474	0.6006	0	10.81
chr14_KI270723v1_random	0.1301	38115	0.0000	3.1352	1195	70	53	0.5517	0	1.23
chr14_KI270724v1_random	0.2143	39555	0.0000	2.9073	1150	94	111	0.5650	0	2.69
chr14_KI270725v1_random	0.0220	172810	0.0000	0.9942	1718	34	58	0.6090	0	0.29
chr14_KI270726v1_random	0.0711	43739	0.0000	2.6292	1150	53	21	0.5358	0	0.68
chr15_KI270727v1_random	0.0603	448248	0.0000	1.2761	5720	184	448	0.6275	0	1.19
chr16_KI270728v1_random	0.0658	1872759	0.0000	1.4479	27116	1104	1851	0.5561	0	1.99
chr17_GL000205v2_random	5.7998	185591	0.0000	23.0108	42706	12866	12470	0.5514	0	43.52
chr17_KI270729v1_random	0.0046	280839	0.0000	0.2624	737	12	19	0.4485	0	0.10
chr17_KI270730v1_random	0.0027	112551	0.0000	0.1564	176	5	2	0.4123	0	0.07
chr22_KI270731v1_random	0.3190	150754	0.0000	5.4035	8146	454	672	0.6313	0	5.84
chr22_KI270732v1_random	0.0055	41543	0.0000	0.4285	178	5	1	0.3745	0	0.09
chr22_KI270733v1_random	150.1918	179772	0.0000	29.5385	53102	647203	4106	0.6900	0	1441.09
chr22_KI270734v1_random	0.6520	165050	0.0000	5.4935	9067	949	1551	0.6641	0	14.51
chr22_KI270735v1_random	0.0049	42811	0.0000	0.3831	164	1	4	0.4619	0	0.08
chr22_KI270736v1_random	0.0005	181920	0.0000	0.0484	88	1	1	0.5000	0	0.02
chr22_KI270737v1_random	0.0025	103838	0.0000	0.2090	217	4	2	0.4129	0	0.06
chr22_KI270738v1_random	0.0004	99375	0.0000	0.0443	44	1	0	0.6818	0	0.02
chr22_KI270739v1_random	0.0047	73985	0.0000	0.3230	239	7	2	0.4347	0	0.09
chrY_KI270740v1_random	0.0000	37240	0.0000	0.0000	0	0	0	0.0000	0	0.00
chrUn_KI270302v1	0.0000	2274	0.0000	0.0000	0	0	0	0.0000	0	0.00
chrUn_KI270304v1	0.0000	2165	0.0000	0.0000	0	0	0	0.0000	0	0.00
chrUn_KI270303v1	0.0000	1942	0.0000	0.0000	0	0	0	0.0000	0	0.00
chrUn_KI270305v1	0.0000	1472	0.0000	0.0000	0	0	0	0.0000	0	0.00
chrUn_KI270322v1	0.0000	21476	0.0000	0.0000	0	0	0	0.0000	0	0.00
chrUn_KI270320v1	0.0000	4416	0.0000	0.0000	0	0	0	0.0000	0	0.00
chrUn_KI270310v1	0.0733	1201	0.0000	3.6636	44	2	0	0.4773	0	0.38
chrUn_KI270316v1	0.0000	1444	0.0000	0.0000	0	0	0	0.0000	0	0.00
chrUn_KI270315v1	0.0000	2276	0.0000	0.0000	0	0	0	0.0000	0	0.00
chrUn_KI270312v1	0.0000	998	0.0000	0.0000	0	0	0	0.0000	0	0.00
chrUn_KI270311v1	0.0000	12399	0.0000	0.0000	0	0	0	0.0000	0	0.00
chrUn_KI270317v1	0.0000	37690	0.0000	0.0000	0	0	0	0.0000	0	0.00
chrUn_KI270412v1	0.0000	1179	0.0000	0.0000	0	0	0	0.0000	0	0.00
chrUn_KI270411v1	0.0166	2646	0.0000	1.6629	44	0	1	0.2955	0	0.13
chrUn_KI270414v1	0.0000	2489	0.0000	0.0000	0	0	0	0.0000	0	0.00
chrUn_KI270419v1	0.0000	1029	0.0000	0.0000	0	0	0	0.0000	0	0.00
chrUn_KI270418v1	0.0000	2145	0.0000	0.0000	0	0	0	0.0000	0	0.00
chrUn_KI270420v1	0.0000	2321	0.0000	0.0000	0	0	0	0.0000	0	0.00
chrUn_KI270424v1	0.0000	2140	0.0000	0.0000	0	0	0	0.0000	0	0.00
chrUn_KI270417v1	0.0000	2043	0.0000	0.0000	0	0	0	0.0000	0	0.00
chrUn_KI270422v1	0.0000	1445	0.0000	0.0000	0	0	0	0.0000	0	0.00
chrUn_KI270423v1	0.0000	981	0.0000	0.0000	0	0	0	0.0000	0	0.00
chrUn_KI270425v1	0.0000	1884	0.0000	0.0000	0	0	0	0.0000	0	0.00
chrUn_KI270429v1	0.0000	1361	0.0000	0.0000	0	0	0	0.0000	0	0.00
chrUn_KI270442v1	0.9847	392061	0.0000	1.9913	7807	2846	6351	0.6210	0	31.18
chrUn_KI270466v1	0.0000	1233	0.0000	0.0000	0	0	0	0.0000	0	0.00
chrUn_KI270465v1	0.0000	1774	0.0000	0.0000	0	0	0	0.0000	0	0.00
chrUn_KI270467v1	0.0000	3920	0.0000	0.0000	0	0	0	0.0000	0	0.00
chrUn_KI270435v1	0.0039	92983	0.0000	0.2162	201	5	4	0.4626	0	0.09
chrUn_KI270438v1	0.0049	112505	0.0000	0.2978	335	9	4	0.3889	0	0.09
chrUn_KI270468v1	0.0109	4055	0.0000	1.0851	44	0	1	0.3409	0	0.10
chrUn_KI270510v1	0.0000	2415	0.0000	0.0000	0	0	0	0.0000	0	0.00
chrUn_KI270509v1	0.0000	2318	0.0000	0.0000	0	0	0	0.0000	0	0.00
chrUn_KI270518v1	0.0000	2186	0.0000	0.0000	0	0	0	0.0000	0	0.00
chrUn_KI270508v1	0.0210	1951	0.0000	2.1015	41	1	0	0.3415	0	0.14
chrUn_KI270516v1	0.0000	1300	0.0000	0.0000	0	0	0	0.0000	0	0.00
chrUn_KI270512v1	0.0048	22689	0.0000	0.1587	36	0	3	0.4444	0	0.12
chrUn_KI270519v1	0.0027	138126	0.0000	0.1643	227	4	5	0.3838	0	0.07
chrUn_KI270522v1	0.0000	5674	0.0000	0.0000	0	0	0	0.0000	0	0.00
chrUn_KI270511v1	0.0000	8127	0.0000	0.0000	0	0	0	0.0000	0	0.00
chrUn_KI270515v1	0.0000	6361	0.0000	0.0000	0	0	0	0.0000	0	0.00
chrUn_KI270507v1	0.0000	5353	0.0000	0.0000	0	0	0	0.0000	0	0.00
chrUn_KI270517v1	0.0000	3253	0.0000	0.0000	0	0	0	0.0000	0	0.00
chrUn_KI270529v1	0.0000	1899	0.0000	0.0000	0	0	0	0.0000	0	0.00
chrUn_KI270528v1	0.0000	2983	0.0000	0.0000	0	0	0	0.0000	0	0.00
chrUn_KI270530v1	0.0000	2168	0.0000	0.0000	0	0	0	0.0000	0	0.00
chrUn_KI270539v1	0.0000	993	0.0000	0.0000	0	0	0	0.0000	0	0.00
chrUn_KI270538v1	0.0023	91309	0.0000	0.1555	142	2	3	0.4727	0	0.07
chrUn_KI270544v1	0.0000	1202	0.0000	0.0000	0	0	0	0.0000	0	0.00
chrUn_KI270548v1	0.0000	1599	0.0000	0.0000	0	0	0	0.0000	0	0.00
chrUn_KI270583v1	0.0000	1400	0.0000	0.0000	0	0	0	0.0000	0	0.00
chrUn_KI270587v1	0.0000	2969	0.0000	0.0000	0	0	0	0.0000	0	0.00
chrUn_KI270580v1	0.0000	1553	0.0000	0.0000	0	0	0	0.0000	0	0.00
chrUn_KI270581v1	0.0187	7046	0.0000	0.6245	44	3	0	0.5909	0	0.24
chrUn_KI270579v1	0.0000	31033	0.0000	0.0000	0	0	0	0.0000	0	0.00
chrUn_KI270589v1	0.0000	44474	0.0000	0.0000	0	0	0	0.0000	0	0.00
chrUn_KI270590v1	0.0000	4685	0.0000	0.0000	0	0	0	0.0000	0	0.00
chrUn_KI270584v1	0.0000	4513	0.0000	0.0000	0	0	0	0.0000	0	0.00
chrUn_KI270582v1	0.0126	6504	0.0000	0.6304	41	2	0	0.6098	0	0.16
chrUn_KI270588v1	0.0000	6158	0.0000	0.0000	0	0	0	0.0000	0	0.00
chrUn_KI270593v1	0.0000	3041	0.0000	0.0000	0	0	0	0.0000	0	0.00
chrUn_KI270591v1	0.0000	5796	0.0000	0.0000	0	0	0	0.0000	0	0.00
chrUn_KI270330v1	0.1598	1652	0.0000	10.6538	176	0	6	0.3902	0	0.49
chrUn_KI270329v1	0.0000	1040	0.0000	0.0000	0	0	0	0.0000	0	0.00
chrUn_KI270334v1	0.0000	1368	0.0000	0.0000	0	0	0	0.0000	0	0.00
chrUn_KI270333v1	0.0000	2699	0.0000	0.0000	0	0	0	0.0000	0	0.00
chrUn_KI270335v1	0.0000	1048	0.0000	0.0000	0	0	0	0.0000	0	0.00
chrUn_KI270338v1	0.0000	1428	0.0000	0.0000	0	0	0	0.0000	0	0.00
chrUn_KI270340v1	0.0000	1428	0.0000	0.0000	0	0	0	0.0000	0	0.00
chrUn_KI270336v1	0.0000	1026	0.0000	0.0000	0	0	0	0.0000	0	0.00
chrUn_KI270337v1	0.0000	1121	0.0000	0.0000	0	0	0	0.0000	0	0.00
chrUn_KI270363v1	0.0000	1803	0.0000	0.0000	0	0	0	0.0000	0	0.00
chrUn_KI270364v1	0.0000	2855	0.0000	0.0000	0	0	0	0.0000	0	0.00
chrUn_KI270362v1	0.0000	3530	0.0000	0.0000	0	0	0	0.0000	0	0.00
chrUn_KI270366v1	0.0000	8320	0.0000	0.0000	0	0	0	0.0000	0	0.00
chrUn_KI270378v1	0.0000	1048	0.0000	0.0000	0	0	0	0.0000	0	0.00
chrUn_KI270379v1	0.0000	1045	0.0000	0.0000	0	0	0	0.0000	0	0.00
chrUn_KI270389v1	0.0000	1298	0.0000	0.0000	0	0	0	0.0000	0	0.00
chrUn_KI270390v1	0.0000	2387	0.0000	0.0000	0	0	0	0.0000	0	0.00
chrUn_KI270387v1	0.0000	1537	0.0000	0.0000	0	0	0	0.0000	0	0.00
chrUn_KI270395v1	0.0000	1143	0.0000	0.0000	0	0	0	0.0000	0	0.00
chrUn_KI270396v1	0.0000	1880	0.0000	0.0000	0	0	0	0.0000	0	0.00
chrUn_KI270388v1	0.0000	1216	0.0000	0.0000	0	0	0	0.0000	0	0.00
chrUn_KI270394v1	0.0000	970	0.0000	0.0000	0	0	0	0.0000	0	0.00
chrUn_KI270386v1	0.0000	1788	0.0000	0.0000	0	0	0	0.0000	0	0.00
chrUn_KI270391v1	0.0000	1484	0.0000	0.0000	0	0	0	0.0000	0	0.00
chrUn_KI270383v1	0.0000	1750	0.0000	0.0000	0	0	0	0.0000	0	0.00
chrUn_KI270393v1	0.0000	1308	0.0000	0.0000	0	0	0	0.0000	0	0.00
chrUn_KI270384v1	0.0000	1658	0.0000	0.0000	0	0	0	0.0000	0	0.00
chrUn_KI270392v1	0.0000	971	0.0000	0.0000	0	0	0	0.0000	0	0.00
chrUn_KI270381v1	0.0000	1930	0.0000	0.0000	0	0	0	0.0000	0	0.00
chrUn_KI270385v1	0.0000	990	0.0000	0.0000	0	0	0	0.0000	0	0.00
chrUn_KI270382v1	0.0000	4215	0.0000	0.0000	0	0	0	0.0000	0	0.00
chrUn_KI270376v1	0.0000	1136	0.0000	0.0000	0	0	0	0.0000	0	0.00
chrUn_KI270374v1	0.0000	2656	0.0000	0.0000	0	0	0	0.0000	0	0.00
chrUn_KI270372v1	0.0000	1650	0.0000	0.0000	0	0	0	0.0000	0	0.00
chrUn_KI270373v1	0.0000	1451	0.0000	0.0000	0	0	0	0.0000	0	0.00
chrUn_KI270375v1	0.0000	2378	0.0000	0.0000	0	0	0	0.0000	0	0.00
chrUn_KI270371v1	0.0000	2805	0.0000	0.0000	0	0	0	0.0000	0	0.00
chrUn_KI270448v1	0.0275	7992	0.0000	1.2012	96	0	5	0.4318	0	0.29
chrUn_KI270521v1	0.0230	7642	0.0000	1.7273	132	0	4	0.4205	0	0.18
chrUn_GL000195v1	3.8401	182896	0.0000	22.9819	42033	9837	6680	0.5686	0	33.50
chrUn_GL000219v1	1.1106	179198	0.0000	5.4325	9735	2364	2392	0.6614	0	26.18
chrUn_GL000220v1	157.9304	161802	0.0000	31.8667	51561	611927	4761	0.6910	0	1455.58
chrUn_GL000224v1	0.0504	179693	0.0000	2.7981	5028	147	74	0.4955	0	0.40
chrUn_KI270741v1	0.0174	157432	0.0000	1.1465	1805	42	27	0.5029	0	0.20
chrUn_GL000226v1	0.0000	15008	0.0000	0.0000	0	0	0	0.0000	0	0.00
chrUn_GL000213v1	0.0126	164239	0.0000	0.7781	1278	20	31	0.5936	0	0.17
chrUn_KI270743v1	0.2609	210658	0.0000	4.7442	9994	768	531	0.5916	0	3.34
chrUn_KI270744v1	0.1981	168472	0.0000	7.0006	11794	555	248	0.5337	0	1.49
chrUn_KI270745v1	0.2688	41891	0.0000	15.9127	6666	244	28	0.5465	0	0.76
chrUn_KI270746v1	0.0306	66486	0.0000	1.5733	1046	27	24	0.4607	0	0.30
chrUn_KI270747v1	0.0087	198735	0.0000	0.5404	1074	7	33	0.4771	0	0.16
chrUn_KI270748v1	0.2378	93321	0.0000	3.7409	3491	407	111	0.6515	0	4.04
chrUn_KI270749v1	0.0429	158759	0.0000	1.0475	1663	62	98	0.6170	0	0.92
chrUn_KI270750v1	0.0383	148850	0.0000	1.0810	1609	65	72	0.5766	0	0.69
chrUn_KI270751v1	0.0690	150742	0.0000	2.9507	4448	99	153	0.5021	0	0.85
chrUn_KI270752v1	0.0000	27745	0.0000	0.0000	0	0	0	0.0000	0	0.00
chrUn_KI270753v1	0.0098	62944	0.0000	0.5815	366	5	10	0.5860	0	0.15
chrUn_KI270754v1	0.2151	40191	0.0000	2.9982	1205	117	82	0.6251	0	2.54
chrUn_KI270755v1	0.0067	36723	0.0000	0.3649	134	6	0	0.5827	0	0.12
chrUn_KI270756v1	0.0018	79590	0.0000	0.0842	67	5	0	0.4122	0	0.08
chrUn_KI270757v1	0.0006	71251	0.0000	0.0618	44	1	0	0.4091	0	0.02
chrUn_GL000214v1	0.4598	137718	0.0000	4.6196	6362	413	1072	0.6029	0	10.41
chrUn_KI270742v1	0.9953	186739	0.0000	9.3842	17524	1009	3328	0.6056	0	22.17
chrUn_GL000216v2	0.0180	176608	0.0000	0.9269	1637	37	42	0.5363	0	0.22
chrUn_GL000218v1	0.5796	161147	0.0000	10.2472	16513	743	1483	0.5842	0	7.34
chrEBV	39.0153	171823	0.0000	80.8402	138902	116641	42713	0.6608	5	326.25
