#ID	Avg_fold	Length	Ref_GC	Covered_percent	Covered_bases	Plus_reads	Minus_reads	Read_GC	Median_fold	Std_Dev
chr1	0.4230	248956422	0.0000	12.1164	30164536	1327647	1362984	0.5440	0	10.28
chr2	0.2670	242193529	0.0000	10.0897	24436551	857862	798868	0.5328	0	3.14
chr3	0.2570	198295559	0.0000	9.7012	19237064	633144	670863	0.5335	0	3.29
chr4	0.1649	190214555	0.0000	6.8252	12982481	410087	394823	0.5295	0	1.90
chr5	0.2592	181538259	0.0000	9.1060	16530882	623060	584510	0.5326	0	6.06
chr6	0.3127	170805979	0.0000	9.6848	16542196	721595	644017	0.5390	0	4.27
chr7	0.3225	159345973	0.0000	11.0864	17665704	666712	646082	0.5521	0	3.68
chr8	0.2145	145138636	0.0000	8.2502	11974173	392477	403964	0.5437	0	6.90
chr9	0.3051	138394717	0.0000	10.3756	14359262	521176	557616	0.5554	0	4.78
chr10	0.2754	133797422	0.0000	10.8266	14485736	504160	438716	0.5391	0	2.03
chr11	0.3535	135086622	0.0000	10.8807	14698403	618152	602179	0.5526	0	8.09
chr12	0.3550	133275309	0.0000	12.2461	16320996	609784	598602	0.5412	0	6.02
chr13	0.1574	114364328	0.0000	6.4216	7344027	219075	242858	0.5237	0	3.57
chr14	0.3120	107043718	0.0000	10.0112	10716414	409809	443475	0.5497	0	4.64
chr15	0.3038	101991189	0.0000	10.9460	11163997	403943	387227	0.5454	0	2.37
chr16	0.5489	90338345	0.0000	16.4322	14844591	688720	574274	0.5730	0	3.59
chr17	0.7913	83257441	0.0000	20.4681	17041216	762280	914740	0.5711	0	13.56
chr18	0.1630	80373285	0.0000	7.1718	5764246	170819	165145	0.5337	0	1.61
chr19	0.9906	58617616	0.0000	26.8488	15738116	822028	654492	0.5913	0	4.71
chr20	0.3949	64444167	0.0000	12.9928	8373118	332421	319252	0.5615	0	5.27
chr21	3.2585	46709983	0.0000	9.1916	4293409	3729444	161651	0.6596	0	122.19
chr22	0.4991	50818468	0.0000	15.8671	8063392	334720	311306	0.5804	0	3.52
chrX	0.1412	156040895	0.0000	6.0565	9450688	287448	279684	0.5389	0	3.31
chrY	0.0299	57227415	0.0000	1.4938	854871	24056	21161	0.4975	0	2.84
chrM	1617.0916	16569	0.0000	99.9638	16563	407334	286819	0.4646	1363	1299.22
chr1_KI270706v1_random	0.4010	175055	0.0000	26.4420	46288	1567	232	0.4839	0	0.84
chr1_KI270707v1_random	0.2390	32032	0.0000	17.4763	5598	40	160	0.4858	0	0.61
chr1_KI270708v1_random	0.1172	127682	0.0000	6.9289	8847	315	77	0.4923	0	0.66
chr1_KI270709v1_random	0.0134	66860	0.0000	1.1113	743	19	5	0.3998	0	0.13
chr1_KI270710v1_random	0.0151	40176	0.0000	1.3242	532	7	9	0.4647	0	0.14
chr1_KI270711v1_random	0.5978	42210	0.0000	32.9495	13908	17	633	0.4823	0	1.17
chr1_KI270712v1_random	0.1319	176043	0.0000	7.5294	13255	301	304	0.5852	0	1.01
chr1_KI270713v1_random	20.4136	40745	0.0000	25.4412	10366	710	20324	0.5342	0	167.24
chr1_KI270714v1_random	0.2319	41717	0.0000	11.3383	4730	77	174	0.4894	0	0.90
chr2_KI270715v1_random	0.0000	161471	0.0000	0.0000	0	0	0	0.0000	0	0.00
chr2_KI270716v1_random	0.0000	153799	0.0000	0.0000	0	0	0	0.0000	0	0.00
chr3_GL000221v1_random	0.5859	155397	0.0000	18.4682	28699	249	2067	0.5699	0	5.76
chr4_GL000008v2_random	0.3447	209709	0.0000	16.0022	33558	1715	137	0.5568	0	3.26
chr5_GL000208v1_random	0.0122	92689	0.0000	0.9915	919	24	7	0.4288	0	0.13
chr9_KI270717v1_random	0.1709	40062	0.0000	12.8950	5166	64	109	0.4875	0	0.50
chr9_KI270718v1_random	1.8990	38054	0.0000	55.1742	20996	231	1633	0.4947	1	7.14
chr9_KI270719v1_random	0.8169	176845	0.0000	17.8925	31642	1792	1942	0.5971	0	5.33
chr9_KI270720v1_random	0.1992	39050	0.0000	12.0077	4689	71	138	0.4459	0	0.66
chr11_KI270721v1_random	0.5844	100316	0.0000	18.6820	18741	1422	58	0.6467	0	1.85
chr14_GL000009v2_random	0.3787	201709	0.0000	18.1494	36609	260	1717	0.5213	0	2.30
chr14_GL000225v1_random	0.0294	211173	0.0000	2.3398	4941	101	67	0.5412	0	0.21
chr14_KI270722v1_random	0.0823	194050	0.0000	4.9967	9696	341	89	0.5126	0	0.62
chr14_GL000194v1_random	0.7960	191469	0.0000	25.7572	49317	205	3650	0.5764	0	3.09
chr14_KI270723v1_random	0.0949	38115	0.0000	5.9399	2264	34	66	0.5026	0	0.49
chr14_KI270724v1_random	0.1524	39555	0.0000	6.7425	2667	101	59	0.5364	0	1.13
chr14_KI270725v1_random	0.0401	172810	0.0000	1.9999	3456	81	94	0.5978	0	0.55
chr14_KI270726v1_random	1.3179	43739	0.0000	14.1018	6168	275	1200	0.4902	0	6.82
chr15_KI270727v1_random	0.0331	448248	0.0000	2.4785	11110	134	256	0.5331	0	0.24
chr16_KI270728v1_random	0.0669	1872759	0.0000	3.5831	67102	1553	1715	0.5442	0	0.85
chr17_GL000205v2_random	2.4690	185591	0.0000	46.9166	87073	3496	8255	0.5097	0	8.66
chr17_KI270729v1_random	0.0051	280839	0.0000	0.4668	1311	21	19	0.4257	0	0.08
chr17_KI270730v1_random	0.0034	112551	0.0000	0.2808	316	9	2	0.4637	0	0.07
chr22_KI270731v1_random	0.2077	150754	0.0000	11.2766	17000	529	287	0.5639	0	0.94
chr22_KI270732v1_random	0.0329	41543	0.0000	2.4457	1016	30	6	0.4496	0	0.24
chr22_KI270733v1_random	381.8816	179772	0.0000	38.5566	69314	1751061	2950	0.6713	0	1310.51
chr22_KI270734v1_random	0.2276	165050	0.0000	11.0179	18185	430	549	0.5966	0	1.43
chr22_KI270735v1_random	0.0113	42811	0.0000	0.8082	346	5	8	0.5644	0	0.15
chr22_KI270736v1_random	0.0059	181920	0.0000	0.2869	522	9	19	0.4897	0	0.17
chr22_KI270737v1_random	0.0131	103838	0.0000	0.7435	772	14	22	0.4853	0	0.21
chr22_KI270738v1_random	0.0026	99375	0.0000	0.2274	226	6	1	0.4941	0	0.06
chr22_KI270739v1_random	0.0074	73985	0.0000	0.4825	357	2	12	0.4608	0	0.14
chrY_KI270740v1_random	0.0073	37240	0.0000	0.5881	219	3	6	0.5348	0	0.10
chrUn_KI270302v1	0.0000	2274	0.0000	0.0000	0	0	0	0.0000	0	0.00
chrUn_KI270304v1	0.0397	2165	0.0000	1.9861	43	2	0	0.3953	0	0.28
chrUn_KI270303v1	0.0221	1942	0.0000	2.2142	43	1	0	0.4884	0	0.15
chrUn_KI270305v1	0.0000	1472	0.0000	0.0000	0	0	0	0.0000	0	0.00
chrUn_KI270322v1	0.0000	21476	0.0000	0.0000	0	0	0	0.0000	0	0.00
chrUn_KI270320v1	0.0000	4416	0.0000	0.0000	0	0	0	0.0000	0	0.00
chrUn_KI270310v1	0.0000	1201	0.0000	0.0000	0	0	0	0.0000	0	0.00
chrUn_KI270316v1	0.0000	1444	0.0000	0.0000	0	0	0	0.0000	0	0.00
chrUn_KI270315v1	0.0000	2276	0.0000	0.0000	0	0	0	0.0000	0	0.00
chrUn_KI270312v1	0.0000	998	0.0000	0.0000	0	0	0	0.0000	0	0.00
chrUn_KI270311v1	0.0000	12399	0.0000	0.0000	0	0	0	0.0000	0	0.00
chrUn_KI270317v1	0.0011	37690	0.0000	0.1141	43	1	0	0.3953	0	0.03
chrUn_KI270412v1	0.0000	1179	0.0000	0.0000	0	0	0	0.0000	0	0.00
chrUn_KI270411v1	0.0000	2646	0.0000	0.0000	0	0	0	0.0000	0	0.00
chrUn_KI270414v1	0.0000	2489	0.0000	0.0000	0	0	0	0.0000	0	0.00
chrUn_KI270419v1	0.0000	1029	0.0000	0.0000	0	0	0	0.0000	0	0.00
chrUn_KI270418v1	0.0000	2145	0.0000	0.0000	0	0	0	0.0000	0	0.00
chrUn_KI270420v1	0.0000	2321	0.0000	0.0000	0	0	0	0.0000	0	0.00
chrUn_KI270424v1	0.0000	2140	0.0000	0.0000	0	0	0	0.0000	0	0.00
chrUn_KI270417v1	0.0000	2043	0.0000	0.0000	0	0	0	0.0000	0	0.00
chrUn_KI270422v1	0.0000	1445	0.0000	0.0000	0	0	0	0.0000	0	0.00
chrUn_KI270423v1	0.0000	981	0.0000	0.0000	0	0	0	0.0000	0	0.00
chrUn_KI270425v1	0.0000	1884	0.0000	0.0000	0	0	0	0.0000	0	0.00
chrUn_KI270429v1	0.0000	1361	0.0000	0.0000	0	0	0	0.0000	0	0.00
chrUn_KI270442v1	0.5890	392061	0.0000	3.3015	12944	1182	5021	0.5390	0	19.88
chrUn_KI270466v1	0.0000	1233	0.0000	0.0000	0	0	0	0.0000	0	0.00
chrUn_KI270465v1	0.0225	1774	0.0000	2.2548	40	0	1	0.3750	0	0.15
chrUn_KI270467v1	0.0102	3920	0.0000	1.0204	40	1	0	0.3750	0	0.10
chrUn_KI270435v1	0.0050	92983	0.0000	0.4141	385	7	4	0.4240	0	0.08
chrUn_KI270438v1	0.0006	112505	0.0000	0.0631	71	1	1	0.4085	0	0.03
chrUn_KI270468v1	0.0000	4055	0.0000	0.0000	0	0	0	0.0000	0	0.00
chrUn_KI270510v1	0.0000	2415	0.0000	0.0000	0	0	0	0.0000	0	0.00
chrUn_KI270509v1	0.0138	2318	0.0000	1.3805	32	1	0	0.3438	0	0.12
chrUn_KI270518v1	0.0000	2186	0.0000	0.0000	0	0	0	0.0000	0	0.00
chrUn_KI270508v1	0.0615	1951	0.0000	2.7678	54	1	2	0.4683	0	0.39
chrUn_KI270516v1	0.0000	1300	0.0000	0.0000	0	0	0	0.0000	0	0.00
chrUn_KI270512v1	0.0115	22689	0.0000	1.0093	229	5	2	0.4542	0	0.12
chrUn_KI270519v1	0.0045	138126	0.0000	0.3960	547	10	5	0.4153	0	0.08
chrUn_KI270522v1	0.0000	5674	0.0000	0.0000	0	0	0	0.0000	0	0.00
chrUn_KI270511v1	0.0000	8127	0.0000	0.0000	0	0	0	0.0000	0	0.00
chrUn_KI270515v1	0.0000	6361	0.0000	0.0000	0	0	0	0.0000	0	0.00
chrUn_KI270507v1	0.0000	5353	0.0000	0.0000	0	0	0	0.0000	0	0.00
chrUn_KI270517v1	0.0000	3253	0.0000	0.0000	0	0	0	0.0000	0	0.00
chrUn_KI270529v1	0.0000	1899	0.0000	0.0000	0	0	0	0.0000	0	0.00
chrUn_KI270528v1	0.0000	2983	0.0000	0.0000	0	0	0	0.0000	0	0.00
chrUn_KI270530v1	0.0000	2168	0.0000	0.0000	0	0	0	0.0000	0	0.00
chrUn_KI270539v1	0.0544	993	0.0000	5.4381	54	1	1	0.8519	0	0.23
chrUn_KI270538v1	0.0050	91309	0.0000	0.4206	384	7	5	0.4132	0	0.08
chrUn_KI270544v1	0.1073	1202	0.0000	10.7321	129	2	1	0.3953	0	0.31
chrUn_KI270548v1	0.0000	1599	0.0000	0.0000	0	0	0	0.0000	0	0.00
chrUn_KI270583v1	0.0571	1400	0.0000	5.7143	80	2	0	0.4000	0	0.23
chrUn_KI270587v1	0.0145	2969	0.0000	1.4483	43	1	0	0.2558	0	0.12
chrUn_KI270580v1	0.0000	1553	0.0000	0.0000	0	0	0	0.0000	0	0.00
chrUn_KI270581v1	0.0375	7046	0.0000	2.7250	192	6	1	0.5393	0	0.24
chrUn_KI270579v1	0.0014	31033	0.0000	0.1386	43	1	0	0.3488	0	0.04
chrUn_KI270589v1	0.0029	44474	0.0000	0.2451	109	2	2	0.4453	0	0.06
chrUn_KI270590v1	0.0000	4685	0.0000	0.0000	0	0	0	0.0000	0	0.00
chrUn_KI270584v1	0.0000	4513	0.0000	0.0000	0	0	0	0.0000	0	0.00
chrUn_KI270582v1	0.0266	6504	0.0000	2.6599	173	2	3	0.5593	0	0.16
chrUn_KI270588v1	0.0000	6158	0.0000	0.0000	0	0	0	0.0000	0	0.00
chrUn_KI270593v1	0.0000	3041	0.0000	0.0000	0	0	0	0.0000	0	0.00
chrUn_KI270591v1	0.0000	5796	0.0000	0.0000	0	0	0	0.0000	0	0.00
chrUn_KI270330v1	0.3372	1652	0.0000	20.0363	331	2	13	0.5627	0	0.99
chrUn_KI270329v1	0.0413	1040	0.0000	4.1346	43	1	0	0.4419	0	0.20
chrUn_KI270334v1	0.0000	1368	0.0000	0.0000	0	0	0	0.0000	0	0.00
chrUn_KI270333v1	0.0000	2699	0.0000	0.0000	0	0	0	0.0000	0	0.00
chrUn_KI270335v1	0.0000	1048	0.0000	0.0000	0	0	0	0.0000	0	0.00
chrUn_KI270338v1	0.0000	1428	0.0000	0.0000	0	0	0	0.0000	0	0.00
chrUn_KI270340v1	0.0000	1428	0.0000	0.0000	0	0	0	0.0000	0	0.00
chrUn_KI270336v1	0.0253	1026	0.0000	2.5341	26	0	1	0.2963	0	0.16
chrUn_KI270337v1	0.0000	1121	0.0000	0.0000	0	0	0	0.0000	0	0.00
chrUn_KI270363v1	0.0715	1803	0.0000	5.1026	92	3	0	0.3566	0	0.33
chrUn_KI270364v1	0.0140	2855	0.0000	1.4011	40	1	0	0.3750	0	0.12
chrUn_KI270362v1	0.0000	3530	0.0000	0.0000	0	0	0	0.0000	0	0.00
chrUn_KI270366v1	0.0000	8320	0.0000	0.0000	0	0	0	0.0000	0	0.00
chrUn_KI270378v1	0.0000	1048	0.0000	0.0000	0	0	0	0.0000	0	0.00
chrUn_KI270379v1	0.0756	1045	0.0000	7.5598	79	2	0	0.4074	0	0.26
chrUn_KI270389v1	0.0000	1298	0.0000	0.0000	0	0	0	0.0000	0	0.00
chrUn_KI270390v1	0.0000	2387	0.0000	0.0000	0	0	0	0.0000	0	0.00
chrUn_KI270387v1	0.0000	1537	0.0000	0.0000	0	0	0	0.0000	0	0.00
chrUn_KI270395v1	0.0000	1143	0.0000	0.0000	0	0	0	0.0000	0	0.00
chrUn_KI270396v1	0.0000	1880	0.0000	0.0000	0	0	0	0.0000	0	0.00
chrUn_KI270388v1	0.0000	1216	0.0000	0.0000	0	0	0	0.0000	0	0.00
chrUn_KI270394v1	0.0000	970	0.0000	0.0000	0	0	0	0.0000	0	0.00
chrUn_KI270386v1	0.0000	1788	0.0000	0.0000	0	0	0	0.0000	0	0.00
chrUn_KI270391v1	0.0000	1484	0.0000	0.0000	0	0	0	0.0000	0	0.00
chrUn_KI270383v1	0.0000	1750	0.0000	0.0000	0	0	0	0.0000	0	0.00
chrUn_KI270393v1	0.0000	1308	0.0000	0.0000	0	0	0	0.0000	0	0.00
chrUn_KI270384v1	0.0000	1658	0.0000	0.0000	0	0	0	0.0000	0	0.00
chrUn_KI270392v1	0.0000	971	0.0000	0.0000	0	0	0	0.0000	0	0.00
chrUn_KI270381v1	0.0000	1930	0.0000	0.0000	0	0	0	0.0000	0	0.00
chrUn_KI270385v1	0.0000	990	0.0000	0.0000	0	0	0	0.0000	0	0.00
chrUn_KI270382v1	0.0000	4215	0.0000	0.0000	0	0	0	0.0000	0	0.00
chrUn_KI270376v1	0.0000	1136	0.0000	0.0000	0	0	0	0.0000	0	0.00
chrUn_KI270374v1	0.0000	2656	0.0000	0.0000	0	0	0	0.0000	0	0.00
chrUn_KI270372v1	0.0000	1650	0.0000	0.0000	0	0	0	0.0000	0	0.00
chrUn_KI270373v1	0.0000	1451	0.0000	0.0000	0	0	0	0.0000	0	0.00
chrUn_KI270375v1	0.0000	2378	0.0000	0.0000	0	0	0	0.0000	0	0.00
chrUn_KI270371v1	0.0000	2805	0.0000	0.0000	0	0	0	0.0000	0	0.00
chrUn_KI270448v1	0.0514	7992	0.0000	4.5045	360	0	11	0.4672	0	0.25
chrUn_KI270521v1	0.0512	7642	0.0000	5.1165	391	0	11	0.4322	0	0.22
chrUn_GL000195v1	1.8748	182896	0.0000	41.7669	76390	4599	4199	0.5042	0	6.13
chrUn_GL000219v1	0.4879	179198	0.0000	17.2262	30869	1006	1273	0.5281	0	3.41
chrUn_GL000220v1	420.8948	161802	0.0000	41.7492	67551	1737583	3027	0.6711	0	1372.60
chrUn_GL000224v1	0.1039	179693	0.0000	7.0086	12594	378	108	0.5045	0	0.50
chrUn_KI270741v1	0.0449	157432	0.0000	3.3106	5212	113	81	0.4845	0	0.30
chrUn_GL000226v1	0.0000	15008	0.0000	0.0000	0	0	0	0.0000	0	0.00
chrUn_GL000213v1	0.0258	164239	0.0000	2.1140	3472	48	65	0.5182	0	0.19
chrUn_KI270743v1	0.3781	210658	0.0000	14.4476	30435	1353	679	0.5977	0	4.33
chrUn_KI270744v1	0.3259	168472	0.0000	14.7663	24877	1008	473	0.5406	0	3.68
chrUn_KI270745v1	0.5312	41891	0.0000	32.1167	13454	562	8	0.5399	0	0.99
chrUn_KI270746v1	0.0972	66486	0.0000	6.9759	4638	90	82	0.4408	0	0.49
chrUn_KI270747v1	0.0078	198735	0.0000	0.6783	1348	11	28	0.4507	0	0.10
chrUn_KI270748v1	0.0780	93321	0.0000	6.2258	5810	139	48	0.5256	0	0.35
chrUn_KI270749v1	0.0356	158759	0.0000	1.6295	2587	59	84	0.6178	0	0.53
chrUn_KI270750v1	0.0505	148850	0.0000	2.9708	4422	90	104	0.5586	0	0.67
chrUn_KI270751v1	0.1339	150742	0.0000	7.4730	11265	65	462	0.5011	0	0.89
chrUn_KI270752v1	0.0021	27745	0.0000	0.2127	59	2	0	0.5593	0	0.05
chrUn_KI270753v1	0.0195	62944	0.0000	1.4267	898	17	15	0.5435	0	0.19
chrUn_KI270754v1	0.1070	40191	0.0000	2.6598	1069	14	91	0.6922	0	0.90
chrUn_KI270755v1	0.0328	36723	0.0000	2.6223	963	17	13	0.5174	0	0.25
chrUn_KI270756v1	0.0035	79590	0.0000	0.3015	240	7	1	0.4120	0	0.07
chrUn_KI270757v1	0.0008	71251	0.0000	0.0828	59	1	1	0.4915	0	0.03
chrUn_GL000214v1	0.1852	137718	0.0000	10.2964	14180	537	127	0.5193	0	0.99
chrUn_KI270742v1	0.6347	186739	0.0000	19.5176	36447	477	2577	0.5707	0	7.34
chrUn_GL000216v2	0.0299	176608	0.0000	2.2202	3921	59	85	0.5067	0	0.22
chrUn_GL000218v1	0.5336	161147	0.0000	19.3451	31174	245	1987	0.5614	0	2.74
chrEBV	41.9153	171823	0.0000	94.2528	161948	143575	40068	0.6466	16	90.20
