#ID	Avg_fold	Length	Ref_GC	Covered_percent	Covered_bases	Plus_reads	Minus_reads	Read_GC	Median_fold	Std_Dev
chr1	0.6556	248956422	0.0000	1.6512	4110683	1914083	2010816	0.5645	0	81.74
chr2	0.3215	242193529	0.0000	1.2171	2947807	949256	939760	0.5931	0	12.06
chr3	0.3139	198295559	0.0000	1.1579	2296079	757457	751026	0.5951	0	14.16
chr4	0.2004	190214555	0.0000	0.7883	1499384	475824	449555	0.5896	0	7.91
chr5	0.3272	181538259	0.0000	1.1254	2043045	714944	728813	0.5980	0	12.58
chr6	0.4296	170805979	0.0000	1.3522	2309622	924326	849436	0.5727	0	37.15
chr7	0.3739	159345973	0.0000	1.3925	2218964	728403	715765	0.6014	0	15.11
chr8	0.2551	145138636	0.0000	1.0224	1483895	443782	457061	0.6009	0	9.07
chr9	0.3626	138394717	0.0000	1.3125	1816432	604315	612331	0.6084	0	15.67
chr10	0.3300	133797422	0.0000	1.3005	1740102	553299	515897	0.5984	0	10.20
chr11	0.4160	135086622	0.0000	1.4459	1953187	646319	716788	0.6013	0	17.84
chr12	0.4457	133275309	0.0000	1.5595	2078377	723924	713786	0.5877	0	24.11
chr13	0.1848	114364328	0.0000	0.7306	835491	248273	265058	0.5911	0	7.28
chr14	0.4246	107043718	0.0000	1.3160	1408654	545690	548641	0.5773	0	61.47
chr15	0.3881	101991189	0.0000	1.4184	1446603	492567	465276	0.5952	0	15.59
chr16	0.5529	90338345	0.0000	2.1873	1976013	613097	598228	0.6203	0	13.57
chr17	1.3171	83257441	0.0000	2.9371	2445374	1258903	1347382	0.5199	0	98.80
chr18	0.1993	80373285	0.0000	0.8359	671833	193982	194721	0.5971	0	9.72
chr19	1.1065	58617616	0.0000	3.9756	2330383	848377	723275	0.6168	0	28.17
chr20	0.4271	64444167	0.0000	1.6921	1090469	347342	320858	0.6107	0	11.06
chr21	1.5183	46709983	0.0000	1.4835	692925	1563824	197312	0.6731	0	134.20
chr22	0.5212	50818468	0.0000	2.1185	1076589	328551	314262	0.6138	0	12.51
chrX	0.1607	156040895	0.0000	0.7630	1190655	313112	299473	0.5845	0	6.46
chrY	0.0064	57227415	0.0000	0.0728	41667	5350	4440	0.5071	0	0.74
chrM	1240.6748	16569	0.0000	99.4146	16472	421186	129471	0.4506	835	2203.77
chr1_KI270706v1_random	0.0840	175055	0.0000	1.0345	1811	274	96	0.4842	0	1.01
chr1_KI270707v1_random	0.0772	32032	0.0000	1.1707	375	5	58	0.4781	0	0.74
chr1_KI270708v1_random	0.0395	127682	0.0000	0.5169	660	111	19	0.4955	0	0.69
chr1_KI270709v1_random	0.0033	66860	0.0000	0.0658	44	5	0	0.2727	0	0.13
chr1_KI270710v1_random	0.0011	40176	0.0000	0.1095	44	0	1	0.3636	0	0.03
chr1_KI270711v1_random	0.1186	42210	0.0000	1.7887	755	0	131	0.4273	0	1.04
chr1_KI270712v1_random	0.1331	176043	0.0000	1.4871	2618	218	355	0.5838	0	1.53
chr1_KI270713v1_random	99.6113	40745	0.0000	6.4008	2608	1236	92212	0.4874	0	2157.44
chr1_KI270714v1_random	0.2216	41717	0.0000	1.3304	555	106	131	0.4956	0	2.75
chr2_KI270715v1_random	0.0000	161471	0.0000	0.0000	0	0	0	0.0000	0	0.00
chr2_KI270716v1_random	0.0018	153799	0.0000	0.0163	25	0	11	0.4000	0	0.14
chr3_GL000221v1_random	0.4245	155397	0.0000	1.7079	2654	331	1243	0.5892	0	8.23
chr4_GL000008v2_random	0.0894	209709	0.0000	0.8574	1798	339	134	0.5590	0	1.64
chr5_GL000208v1_random	0.0004	92689	0.0000	0.0442	41	1	0	0.5455	0	0.02
chr9_KI270717v1_random	0.2473	40062	0.0000	2.8905	1158	77	166	0.5116	0	1.84
chr9_KI270718v1_random	4.1948	38054	0.0000	6.8114	2592	661	3094	0.5998	0	51.97
chr9_KI270719v1_random	0.7845	176845	0.0000	3.3046	5844	1929	1495	0.6058	0	6.58
chr9_KI270720v1_random	0.0978	39050	0.0000	0.9859	385	28	69	0.3926	0	1.08
chr11_KI270721v1_random	0.3189	100316	0.0000	2.0565	2063	618	143	0.6572	0	6.19
chr14_GL000009v2_random	0.0846	201709	0.0000	0.8131	1640	151	284	0.5396	0	1.44
chr14_GL000225v1_random	0.0322	211173	0.0000	0.2974	628	135	40	0.4811	0	0.69
chr14_KI270722v1_random	0.0367	194050	0.0000	0.3731	724	103	81	0.5318	0	0.81
chr14_GL000194v1_random	0.2502	191469	0.0000	1.6541	3167	578	578	0.5733	0	4.20
chr14_KI270723v1_random	0.0585	38115	0.0000	0.8291	316	21	45	0.5200	0	0.91
chr14_KI270724v1_random	0.1819	39555	0.0000	1.1377	450	116	74	0.5243	0	2.26
chr14_KI270725v1_random	0.0305	172810	0.0000	0.4780	826	48	75	0.5574	0	0.57
chr14_KI270726v1_random	0.0882	43739	0.0000	0.6585	288	66	31	0.5087	0	1.16
chr15_KI270727v1_random	0.0402	448248	0.0000	0.3940	1766	136	297	0.6299	0	0.85
chr16_KI270728v1_random	0.0514	1872759	0.0000	0.3535	6620	1020	1426	0.5289	0	1.56
chr17_GL000205v2_random	5.0712	185591	0.0000	8.9918	16688	11003	11716	0.5461	0	42.89
chr17_KI270729v1_random	0.0033	280839	0.0000	0.0612	172	15	12	0.4427	0	0.16
chr17_KI270730v1_random	0.0031	112551	0.0000	0.0622	70	0	10	0.5714	0	0.13
chr22_KI270731v1_random	0.1590	150754	0.0000	1.4321	2159	221	375	0.5707	0	2.11
chr22_KI270732v1_random	0.0039	41543	0.0000	0.0987	41	4	0	0.6585	0	0.13
chr22_KI270733v1_random	142.3471	179772	0.0000	22.7744	40942	640412	3289	0.6896	0	1182.06
chr22_KI270734v1_random	0.2977	165050	0.0000	1.5741	2598	591	615	0.6151	0	4.16
chr22_KI270735v1_random	0.0000	42811	0.0000	0.0000	0	0	0	0.0000	0	0.00
chr22_KI270736v1_random	0.0013	181920	0.0000	0.0313	57	5	3	0.4340	0	0.08
chr22_KI270737v1_random	0.0013	103838	0.0000	0.0424	44	0	3	0.4091	0	0.06
chr22_KI270738v1_random	0.0000	99375	0.0000	0.0000	0	0	0	0.0000	0	0.00
chr22_KI270739v1_random	0.0121	73985	0.0000	0.1622	120	0	22	0.3281	0	0.39
chrY_KI270740v1_random	0.0118	37240	0.0000	0.1182	44	0	10	0.5455	0	0.34
chrUn_KI270302v1	0.0000	2274	0.0000	0.0000	0	0	0	0.0000	0	0.00
chrUn_KI270304v1	0.2439	2165	0.0000	2.0323	44	12	0	0.3636	0	1.69
chrUn_KI270303v1	0.0000	1942	0.0000	0.0000	0	0	0	0.0000	0	0.00
chrUn_KI270305v1	0.0000	1472	0.0000	0.0000	0	0	0	0.0000	0	0.00
chrUn_KI270322v1	0.0000	21476	0.0000	0.0000	0	0	0	0.0000	0	0.00
chrUn_KI270320v1	0.0000	4416	0.0000	0.0000	0	0	0	0.0000	0	0.00
chrUn_KI270310v1	0.0000	1201	0.0000	0.0000	0	0	0	0.0000	0	0.00
chrUn_KI270316v1	0.0000	1444	0.0000	0.0000	0	0	0	0.0000	0	0.00
chrUn_KI270315v1	0.0000	2276	0.0000	0.0000	0	0	0	0.0000	0	0.00
chrUn_KI270312v1	0.0000	998	0.0000	0.0000	0	0	0	0.0000	0	0.00
chrUn_KI270311v1	0.0000	12399	0.0000	0.0000	0	0	0	0.0000	0	0.00
chrUn_KI270317v1	0.0467	37690	0.0000	0.1167	44	40	0	0.4091	0	1.37
chrUn_KI270412v1	0.0000	1179	0.0000	0.0000	0	0	0	0.0000	0	0.00
chrUn_KI270411v1	0.0000	2646	0.0000	0.0000	0	0	0	0.0000	0	0.00
chrUn_KI270414v1	0.0000	2489	0.0000	0.0000	0	0	0	0.0000	0	0.00
chrUn_KI270419v1	0.0000	1029	0.0000	0.0000	0	0	0	0.0000	0	0.00
chrUn_KI270418v1	0.0000	2145	0.0000	0.0000	0	0	0	0.0000	0	0.00
chrUn_KI270420v1	0.0000	2321	0.0000	0.0000	0	0	0	0.0000	0	0.00
chrUn_KI270424v1	0.0000	2140	0.0000	0.0000	0	0	0	0.0000	0	0.00
chrUn_KI270417v1	0.0000	2043	0.0000	0.0000	0	0	0	0.0000	0	0.00
chrUn_KI270422v1	0.0000	1445	0.0000	0.0000	0	0	0	0.0000	0	0.00
chrUn_KI270423v1	0.0000	981	0.0000	0.0000	0	0	0	0.0000	0	0.00
chrUn_KI270425v1	0.0000	1884	0.0000	0.0000	0	0	0	0.0000	0	0.00
chrUn_KI270429v1	0.0000	1361	0.0000	0.0000	0	0	0	0.0000	0	0.00
chrUn_KI270442v1	0.4052	392061	0.0000	1.0868	4261	1298	2742	0.5741	0	9.87
chrUn_KI270466v1	0.0000	1233	0.0000	0.0000	0	0	0	0.0000	0	0.00
chrUn_KI270465v1	0.0000	1774	0.0000	0.0000	0	0	0	0.0000	0	0.00
chrUn_KI270467v1	0.0000	3920	0.0000	0.0000	0	0	0	0.0000	0	0.00
chrUn_KI270435v1	0.0005	92983	0.0000	0.0473	44	1	0	0.5455	0	0.02
chrUn_KI270438v1	0.0079	112505	0.0000	0.0604	68	0	26	0.2647	0	0.32
chrUn_KI270468v1	0.0000	4055	0.0000	0.0000	0	0	0	0.0000	0	0.00
chrUn_KI270510v1	0.0000	2415	0.0000	0.0000	0	0	0	0.0000	0	0.00
chrUn_KI270509v1	0.0000	2318	0.0000	0.0000	0	0	0	0.0000	0	0.00
chrUn_KI270518v1	0.0000	2186	0.0000	0.0000	0	0	0	0.0000	0	0.00
chrUn_KI270508v1	0.0190	1951	0.0000	1.8965	37	1	0	0.3784	0	0.14
chrUn_KI270516v1	0.0000	1300	0.0000	0.0000	0	0	0	0.0000	0	0.00
chrUn_KI270512v1	0.0078	22689	0.0000	0.1939	44	0	4	0.3864	0	0.18
chrUn_KI270519v1	0.0003	138126	0.0000	0.0319	44	0	1	0.2500	0	0.02
chrUn_KI270522v1	0.1057	5674	0.0000	0.8812	50	24	0	0.4000	0	1.12
chrUn_KI270511v1	0.0000	8127	0.0000	0.0000	0	0	0	0.0000	0	0.00
chrUn_KI270515v1	0.0000	6361	0.0000	0.0000	0	0	0	0.0000	0	0.00
chrUn_KI270507v1	0.0000	5353	0.0000	0.0000	0	0	0	0.0000	0	0.00
chrUn_KI270517v1	0.0000	3253	0.0000	0.0000	0	0	0	0.0000	0	0.00
chrUn_KI270529v1	0.0000	1899	0.0000	0.0000	0	0	0	0.0000	0	0.00
chrUn_KI270528v1	0.0000	2983	0.0000	0.0000	0	0	0	0.0000	0	0.00
chrUn_KI270530v1	0.0000	2168	0.0000	0.0000	0	0	0	0.0000	0	0.00
chrUn_KI270539v1	0.0000	993	0.0000	0.0000	0	0	0	0.0000	0	0.00
chrUn_KI270538v1	0.0048	91309	0.0000	0.0964	88	0	10	0.3977	0	0.17
chrUn_KI270544v1	0.0000	1202	0.0000	0.0000	0	0	0	0.0000	0	0.00
chrUn_KI270548v1	0.0000	1599	0.0000	0.0000	0	0	0	0.0000	0	0.00
chrUn_KI270583v1	0.0000	1400	0.0000	0.0000	0	0	0	0.0000	0	0.00
chrUn_KI270587v1	0.0000	2969	0.0000	0.0000	0	0	0	0.0000	0	0.00
chrUn_KI270580v1	0.0000	1553	0.0000	0.0000	0	0	0	0.0000	0	0.00
chrUn_KI270581v1	0.0000	7046	0.0000	0.0000	0	0	0	0.0000	0	0.00
chrUn_KI270579v1	0.0000	31033	0.0000	0.0000	0	0	0	0.0000	0	0.00
chrUn_KI270589v1	0.0020	44474	0.0000	0.1979	88	2	0	0.3977	0	0.04
chrUn_KI270590v1	0.0000	4685	0.0000	0.0000	0	0	0	0.0000	0	0.00
chrUn_KI270584v1	0.0000	4513	0.0000	0.0000	0	0	0	0.0000	0	0.00
chrUn_KI270582v1	0.0000	6504	0.0000	0.0000	0	0	0	0.0000	0	0.00
chrUn_KI270588v1	0.0000	6158	0.0000	0.0000	0	0	0	0.0000	0	0.00
chrUn_KI270593v1	0.0000	3041	0.0000	0.0000	0	0	0	0.0000	0	0.00
chrUn_KI270591v1	0.0000	5796	0.0000	0.0000	0	0	0	0.0000	0	0.00
chrUn_KI270330v1	0.0496	1652	0.0000	2.4818	41	2	0	0.6591	0	0.31
chrUn_KI270329v1	0.0000	1040	0.0000	0.0000	0	0	0	0.0000	0	0.00
chrUn_KI270334v1	0.0000	1368	0.0000	0.0000	0	0	0	0.0000	0	0.00
chrUn_KI270333v1	0.0000	2699	0.0000	0.0000	0	0	0	0.0000	0	0.00
chrUn_KI270335v1	0.0000	1048	0.0000	0.0000	0	0	0	0.0000	0	0.00
chrUn_KI270338v1	0.0000	1428	0.0000	0.0000	0	0	0	0.0000	0	0.00
chrUn_KI270340v1	0.0000	1428	0.0000	0.0000	0	0	0	0.0000	0	0.00
chrUn_KI270336v1	0.0000	1026	0.0000	0.0000	0	0	0	0.0000	0	0.00
chrUn_KI270337v1	0.0000	1121	0.0000	0.0000	0	0	0	0.0000	0	0.00
chrUn_KI270363v1	0.0000	1803	0.0000	0.0000	0	0	0	0.0000	0	0.00
chrUn_KI270364v1	0.0000	2855	0.0000	0.0000	0	0	0	0.0000	0	0.00
chrUn_KI270362v1	0.0000	3530	0.0000	0.0000	0	0	0	0.0000	0	0.00
chrUn_KI270366v1	0.0000	8320	0.0000	0.0000	0	0	0	0.0000	0	0.00
chrUn_KI270378v1	0.0000	1048	0.0000	0.0000	0	0	0	0.0000	0	0.00
chrUn_KI270379v1	0.0000	1045	0.0000	0.0000	0	0	0	0.0000	0	0.00
chrUn_KI270389v1	0.0000	1298	0.0000	0.0000	0	0	0	0.0000	0	0.00
chrUn_KI270390v1	0.0000	2387	0.0000	0.0000	0	0	0	0.0000	0	0.00
chrUn_KI270387v1	0.0000	1537	0.0000	0.0000	0	0	0	0.0000	0	0.00
chrUn_KI270395v1	0.0000	1143	0.0000	0.0000	0	0	0	0.0000	0	0.00
chrUn_KI270396v1	0.0000	1880	0.0000	0.0000	0	0	0	0.0000	0	0.00
chrUn_KI270388v1	0.0000	1216	0.0000	0.0000	0	0	0	0.0000	0	0.00
chrUn_KI270394v1	0.0000	970	0.0000	0.0000	0	0	0	0.0000	0	0.00
chrUn_KI270386v1	0.0000	1788	0.0000	0.0000	0	0	0	0.0000	0	0.00
chrUn_KI270391v1	0.0000	1484	0.0000	0.0000	0	0	0	0.0000	0	0.00
chrUn_KI270383v1	0.0000	1750	0.0000	0.0000	0	0	0	0.0000	0	0.00
chrUn_KI270393v1	0.0000	1308	0.0000	0.0000	0	0	0	0.0000	0	0.00
chrUn_KI270384v1	0.0000	1658	0.0000	0.0000	0	0	0	0.0000	0	0.00
chrUn_KI270392v1	0.0000	971	0.0000	0.0000	0	0	0	0.0000	0	0.00
chrUn_KI270381v1	0.0000	1930	0.0000	0.0000	0	0	0	0.0000	0	0.00
chrUn_KI270385v1	0.0000	990	0.0000	0.0000	0	0	0	0.0000	0	0.00
chrUn_KI270382v1	0.0000	4215	0.0000	0.0000	0	0	0	0.0000	0	0.00
chrUn_KI270376v1	0.0000	1136	0.0000	0.0000	0	0	0	0.0000	0	0.00
chrUn_KI270374v1	0.0000	2656	0.0000	0.0000	0	0	0	0.0000	0	0.00
chrUn_KI270372v1	0.0000	1650	0.0000	0.0000	0	0	0	0.0000	0	0.00
chrUn_KI270373v1	0.0000	1451	0.0000	0.0000	0	0	0	0.0000	0	0.00
chrUn_KI270375v1	0.0000	2378	0.0000	0.0000	0	0	0	0.0000	0	0.00
chrUn_KI270371v1	0.0000	2805	0.0000	0.0000	0	0	0	0.0000	0	0.00
chrUn_KI270448v1	0.0385	7992	0.0000	0.5506	44	0	7	0.4091	0	0.52
chrUn_KI270521v1	0.0403	7642	0.0000	0.5758	44	0	7	0.4091	0	0.53
chrUn_GL000195v1	2.8603	182896	0.0000	9.8367	17991	7294	5495	0.5501	0	23.55
chrUn_GL000219v1	1.7979	179198	0.0000	3.7417	6705	3405	4444	0.6240	0	32.97
chrUn_GL000220v1	168.3725	161802	0.0000	24.8402	40192	675285	3940	0.6984	0	1599.39
chrUn_GL000224v1	0.0326	179693	0.0000	0.4485	806	125	37	0.5521	0	0.70
chrUn_KI270741v1	0.0223	157432	0.0000	0.2541	400	82	8	0.5910	0	0.62
chrUn_GL000226v1	0.0000	15008	0.0000	0.0000	0	0	0	0.0000	0	0.00
chrUn_GL000213v1	0.0184	164239	0.0000	0.2941	483	34	46	0.5609	0	0.43
chrUn_KI270743v1	0.1024	210658	0.0000	0.9812	2067	388	161	0.5674	0	1.66
chrUn_KI270744v1	0.0840	168472	0.0000	0.9325	1571	212	141	0.4790	0	1.12
chrUn_KI270745v1	0.2415	41891	0.0000	4.6812	1961	249	14	0.5562	0	1.42
chrUn_KI270746v1	0.0125	66486	0.0000	0.2422	161	11	11	0.3613	0	0.32
chrUn_KI270747v1	0.0076	198735	0.0000	0.0991	197	22	19	0.4320	0	0.30
chrUn_KI270748v1	0.3025	93321	0.0000	1.0651	994	586	97	0.6966	0	6.61
chrUn_KI270749v1	0.0554	158759	0.0000	0.4655	739	73	139	0.6215	0	1.44
chrUn_KI270750v1	0.0917	148850	0.0000	0.5502	819	152	176	0.5883	0	1.72
chrUn_KI270751v1	0.0703	150742	0.0000	0.6050	912	102	167	0.5265	0	1.30
chrUn_KI270752v1	0.0000	27745	0.0000	0.0000	0	0	0	0.0000	0	0.00
chrUn_KI270753v1	0.0273	62944	0.0000	0.3495	220	39	0	0.5152	0	0.55
chrUn_KI270754v1	0.1196	40191	0.0000	1.3809	555	55	60	0.6774	0	1.42
chrUn_KI270755v1	0.0641	36723	0.0000	0.6998	257	65	3	0.4463	0	0.89
chrUn_KI270756v1	0.0000	79590	0.0000	0.0000	0	0	0	0.0000	0	0.00
chrUn_KI270757v1	0.0000	71251	0.0000	0.0000	0	0	0	0.0000	0	0.00
chrUn_GL000214v1	0.0871	137718	0.0000	0.8002	1102	178	129	0.5540	0	1.36
chrUn_KI270742v1	0.3623	186739	0.0000	1.5476	2890	320	1293	0.5864	0	7.51
chrUn_GL000216v2	0.0190	176608	0.0000	0.1936	342	47	40	0.4305	0	0.53
chrUn_GL000218v1	0.2607	161147	0.0000	1.6798	2707	353	672	0.5745	0	3.24
chrEBV	22.9067	171823	0.0000	38.4244	66022	60446	36946	0.6637	0	157.56
