#ID	Avg_fold	Length	Ref_GC	Covered_percent	Covered_bases	Plus_reads	Minus_reads	Read_GC	Median_fold	Std_Dev
chr1	0.5327	248956422	0.0000	11.8802	29576441	1786504	1841444	0.5555	0	11.96
chr2	0.3312	242193529	0.0000	9.6547	23383133	1140069	1060613	0.5461	0	4.06
chr3	0.3203	198295559	0.0000	9.3979	18635643	870778	868972	0.5460	0	5.07
chr4	0.2112	190214555	0.0000	6.8093	12952208	563167	542017	0.5391	0	2.76
chr5	0.3238	181538259	0.0000	8.7697	15920418	842553	768928	0.5467	0	8.05
chr6	0.4203	170805979	0.0000	9.8530	16829559	1015095	952541	0.5479	0	5.87
chr7	0.4092	159345973	0.0000	10.8557	17298117	896222	884765	0.5618	0	4.97
chr8	0.2690	145138636	0.0000	8.1448	11821210	517532	551383	0.5580	0	5.86
chr9	0.3735	138394717	0.0000	10.0604	13923087	686214	725564	0.5663	0	4.62
chr10	0.3361	133797422	0.0000	10.2585	13725545	649211	583017	0.5513	0	3.07
chr11	0.4398	135086622	0.0000	10.5437	14243142	829018	793667	0.5645	0	7.18
chr12	0.4513	133275309	0.0000	11.8585	15804409	851221	793047	0.5525	0	6.39
chr13	0.1920	114364328	0.0000	6.1961	7086155	295279	308680	0.5383	0	2.96
chr14	0.4018	107043718	0.0000	9.6654	10346169	574627	601948	0.5613	0	7.29
chr15	0.3836	101991189	0.0000	10.5435	10753400	555579	513423	0.5571	0	3.67
chr16	0.6868	90338345	0.0000	15.7937	14267786	909862	779858	0.5823	0	5.40
chr17	1.1118	83257441	0.0000	20.1175	16749301	1156791	1348901	0.5805	0	32.78
chr18	0.2101	80373285	0.0000	7.1492	5746046	239542	224029	0.5462	0	2.28
chr19	1.2665	58617616	0.0000	26.3526	15447244	1114736	898938	0.5999	0	7.12
chr20	0.4862	64444167	0.0000	12.5480	8086429	441034	415257	0.5701	0	6.22
chr21	2.6086	46709983	0.0000	8.6522	4041429	3050910	202917	0.6569	0	108.28
chr22	0.6400	50818468	0.0000	15.4132	7832747	464566	420608	0.5899	0	5.12
chrX	0.1951	156040895	0.0000	6.2509	9753952	431935	406790	0.5488	0	3.53
chrY	0.0153	57227415	0.0000	0.7052	403580	12757	13184	0.5149	0	1.92
chrM	1025.2287	16569	0.0000	99.5172	16489	254030	224455	0.4635	813	884.21
chr1_KI270706v1_random	0.2767	175055	0.0000	13.3455	23362	867	477	0.5131	0	1.90
chr1_KI270707v1_random	0.2093	32032	0.0000	13.4740	4316	57	135	0.5013	0	0.63
chr1_KI270708v1_random	0.1439	127682	0.0000	7.2814	9297	421	121	0.4949	0	0.79
chr1_KI270709v1_random	0.0131	66860	0.0000	0.9453	632	20	5	0.4582	0	0.16
chr1_KI270710v1_random	0.0108	40176	0.0000	0.8289	333	7	7	0.4887	0	0.13
chr1_KI270711v1_random	0.5937	42210	0.0000	27.3063	11526	41	647	0.4851	0	1.34
chr1_KI270712v1_random	0.2345	176043	0.0000	9.5346	16785	652	513	0.5931	0	2.43
chr1_KI270713v1_random	26.3316	40745	0.0000	24.1134	9825	725	28489	0.5365	0	233.88
chr1_KI270714v1_random	0.4051	41717	0.0000	12.9180	5389	170	289	0.5195	0	2.13
chr2_KI270715v1_random	0.0000	161471	0.0000	0.0000	0	0	0	0.0000	0	0.00
chr2_KI270716v1_random	0.0003	153799	0.0000	0.0280	43	1	0	0.4186	0	0.02
chr3_GL000221v1_random	0.7290	155397	0.0000	15.3664	23879	471	2590	0.5953	0	9.48
chr4_GL000008v2_random	0.2169	209709	0.0000	8.3196	17447	994	256	0.5762	0	2.77
chr5_GL000208v1_random	0.0116	92689	0.0000	0.8404	779	21	10	0.4267	0	0.15
chr9_KI270717v1_random	0.2049	40062	0.0000	12.1736	4877	69	152	0.4984	0	0.74
chr9_KI270718v1_random	2.5501	38054	0.0000	49.9580	19011	267	2380	0.5095	0	14.09
chr9_KI270719v1_random	0.7713	176845	0.0000	13.9665	24699	2023	1733	0.6175	0	6.15
chr9_KI270720v1_random	0.2853	39050	0.0000	13.2471	5173	130	195	0.4503	0	0.98
chr11_KI270721v1_random	0.7937	100316	0.0000	21.5160	21584	2061	81	0.6463	0	2.34
chr14_GL000009v2_random	0.2930	201709	0.0000	10.9841	22156	419	1221	0.5347	0	2.78
chr14_GL000225v1_random	0.0269	211173	0.0000	1.6252	3432	105	61	0.5592	0	0.25
chr14_KI270722v1_random	0.1071	194050	0.0000	5.3466	10375	459	151	0.5126	0	0.76
chr14_GL000194v1_random	0.6455	191469	0.0000	20.0267	38345	224	3105	0.5873	0	3.77
chr14_KI270723v1_random	0.1951	38115	0.0000	8.4298	3213	116	113	0.5137	0	1.05
chr14_KI270724v1_random	0.2768	39555	0.0000	8.3883	3318	191	129	0.5424	0	2.09
chr14_KI270725v1_random	0.0599	172810	0.0000	2.2568	3900	75	207	0.6367	0	1.36
chr14_KI270726v1_random	0.2161	43739	0.0000	5.6128	2455	83	185	0.5145	0	1.65
chr15_KI270727v1_random	0.0611	448248	0.0000	3.2321	14488	296	469	0.5772	0	0.50
chr16_KI270728v1_random	0.0756	1872759	0.0000	4.0542	75925	2116	1855	0.5312	0	0.62
chr17_GL000205v2_random	1.8970	185591	0.0000	35.0421	65035	2892	6835	0.5190	0	7.06
chr17_KI270729v1_random	0.0060	280839	0.0000	0.4640	1303	36	11	0.4571	0	0.10
chr17_KI270730v1_random	0.0038	112551	0.0000	0.3314	373	10	3	0.4514	0	0.07
chr22_KI270731v1_random	0.2837	150754	0.0000	12.5980	18992	825	352	0.5751	0	1.18
chr22_KI270732v1_random	0.0270	41543	0.0000	2.0172	838	27	5	0.4964	0	0.22
chr22_KI270733v1_random	291.8541	179772	0.0000	37.4458	67317	1390920	2598	0.6724	0	1160.30
chr22_KI270734v1_random	0.3007	165050	0.0000	11.3251	18692	669	694	0.6012	0	1.65
chr22_KI270735v1_random	0.0122	42811	0.0000	0.8035	344	9	8	0.5037	0	0.15
chr22_KI270736v1_random	0.0056	181920	0.0000	0.2776	505	10	20	0.5103	0	0.14
chr22_KI270737v1_random	0.0136	103838	0.0000	0.6828	709	6	33	0.4548	0	0.22
chr22_KI270738v1_random	0.0093	99375	0.0000	0.7728	768	13	13	0.4882	0	0.11
chr22_KI270739v1_random	0.0092	73985	0.0000	0.5474	405	7	12	0.4559	0	0.17
chrY_KI270740v1_random	0.0054	37240	0.0000	0.2873	107	1	5	0.5622	0	0.12
chrUn_KI270302v1	0.0000	2274	0.0000	0.0000	0	0	0	0.0000	0	0.00
chrUn_KI270304v1	0.0199	2165	0.0000	1.9861	43	1	0	0.3953	0	0.14
chrUn_KI270303v1	0.0994	1942	0.0000	4.0680	79	6	0	0.3782	0	0.60
chrUn_KI270305v1	0.0000	1472	0.0000	0.0000	0	0	0	0.0000	0	0.00
chrUn_KI270322v1	0.0000	21476	0.0000	0.0000	0	0	0	0.0000	0	0.00
chrUn_KI270320v1	0.0000	4416	0.0000	0.0000	0	0	0	0.0000	0	0.00
chrUn_KI270310v1	0.0000	1201	0.0000	0.0000	0	0	0	0.0000	0	0.00
chrUn_KI270316v1	0.0000	1444	0.0000	0.0000	0	0	0	0.0000	0	0.00
chrUn_KI270315v1	0.0000	2276	0.0000	0.0000	0	0	0	0.0000	0	0.00
chrUn_KI270312v1	0.0000	998	0.0000	0.0000	0	0	0	0.0000	0	0.00
chrUn_KI270311v1	0.0000	12399	0.0000	0.0000	0	0	0	0.0000	0	0.00
chrUn_KI270317v1	0.0037	37690	0.0000	0.2998	113	4	0	0.3857	0	0.07
chrUn_KI270412v1	0.0000	1179	0.0000	0.0000	0	0	0	0.0000	0	0.00
chrUn_KI270411v1	0.0163	2646	0.0000	1.6251	43	0	1	0.3721	0	0.13
chrUn_KI270414v1	0.0000	2489	0.0000	0.0000	0	0	0	0.0000	0	0.00
chrUn_KI270419v1	0.0000	1029	0.0000	0.0000	0	0	0	0.0000	0	0.00
chrUn_KI270418v1	0.0317	2145	0.0000	3.1702	68	2	0	0.5294	0	0.18
chrUn_KI270420v1	0.0000	2321	0.0000	0.0000	0	0	0	0.0000	0	0.00
chrUn_KI270424v1	0.0000	2140	0.0000	0.0000	0	0	0	0.0000	0	0.00
chrUn_KI270417v1	0.0000	2043	0.0000	0.0000	0	0	0	0.0000	0	0.00
chrUn_KI270422v1	0.0000	1445	0.0000	0.0000	0	0	0	0.0000	0	0.00
chrUn_KI270423v1	0.0000	981	0.0000	0.0000	0	0	0	0.0000	0	0.00
chrUn_KI270425v1	0.0000	1884	0.0000	0.0000	0	0	0	0.0000	0	0.00
chrUn_KI270429v1	0.0000	1361	0.0000	0.0000	0	0	0	0.0000	0	0.00
chrUn_KI270442v1	0.6028	392061	0.0000	3.3462	13119	1625	5261	0.5331	0	16.73
chrUn_KI270466v1	0.1249	1233	0.0000	9.4079	116	1	4	0.2532	0	0.41
chrUn_KI270465v1	0.0158	1774	0.0000	1.5784	28	1	0	0.3214	0	0.12
chrUn_KI270467v1	0.1105	3920	0.0000	9.3367	366	3	10	0.2265	0	0.36
chrUn_KI270435v1	0.0081	92983	0.0000	0.3528	328	4	17	0.4184	0	0.18
chrUn_KI270438v1	0.0026	112505	0.0000	0.1875	211	6	2	0.4375	0	0.06
chrUn_KI270468v1	0.0079	4055	0.0000	0.7891	32	0	1	0.3750	0	0.09
chrUn_KI270510v1	0.0000	2415	0.0000	0.0000	0	0	0	0.0000	0	0.00
chrUn_KI270509v1	0.0263	2318	0.0000	1.4236	33	2	0	0.5082	0	0.22
chrUn_KI270518v1	0.0000	2186	0.0000	0.0000	0	0	0	0.0000	0	0.00
chrUn_KI270508v1	0.1158	1951	0.0000	8.4572	165	5	1	0.4605	0	0.41
chrUn_KI270516v1	0.0000	1300	0.0000	0.0000	0	0	0	0.0000	0	0.00
chrUn_KI270512v1	0.0277	22689	0.0000	1.9260	437	9	9	0.4877	0	0.22
chrUn_KI270519v1	0.0124	138126	0.0000	0.6385	882	21	24	0.4174	0	0.20
chrUn_KI270522v1	0.0233	5674	0.0000	1.2689	72	4	0	0.3534	0	0.23
chrUn_KI270511v1	0.0000	8127	0.0000	0.0000	0	0	0	0.0000	0	0.00
chrUn_KI270515v1	0.0096	6361	0.0000	0.5188	33	0	2	0.5082	0	0.14
chrUn_KI270507v1	0.0000	5353	0.0000	0.0000	0	0	0	0.0000	0	0.00
chrUn_KI270517v1	0.0105	3253	0.0000	1.0452	34	1	0	0.4412	0	0.10
chrUn_KI270529v1	0.0274	1899	0.0000	1.3691	26	2	0	0.3077	0	0.23
chrUn_KI270528v1	0.0000	2983	0.0000	0.0000	0	0	0	0.0000	0	0.00
chrUn_KI270530v1	0.0000	2168	0.0000	0.0000	0	0	0	0.0000	0	0.00
chrUn_KI270539v1	0.2618	993	0.0000	22.1551	220	3	4	0.8251	0	0.52
chrUn_KI270538v1	0.0023	91309	0.0000	0.1884	172	2	4	0.5140	0	0.06
chrUn_KI270544v1	0.0715	1202	0.0000	7.1547	86	0	2	0.4884	0	0.26
chrUn_KI270548v1	0.0000	1599	0.0000	0.0000	0	0	0	0.0000	0	0.00
chrUn_KI270583v1	0.0000	1400	0.0000	0.0000	0	0	0	0.0000	0	0.00
chrUn_KI270587v1	0.0000	2969	0.0000	0.0000	0	0	0	0.0000	0	0.00
chrUn_KI270580v1	0.0000	1553	0.0000	0.0000	0	0	0	0.0000	0	0.00
chrUn_KI270581v1	0.0424	7046	0.0000	2.5121	177	6	2	0.4691	0	0.29
chrUn_KI270579v1	0.0017	31033	0.0000	0.0838	26	2	0	0.3846	0	0.06
chrUn_KI270589v1	0.0078	44474	0.0000	0.4002	178	3	10	0.4426	0	0.16
chrUn_KI270590v1	0.0000	4685	0.0000	0.0000	0	0	0	0.0000	0	0.00
chrUn_KI270584v1	0.0144	4513	0.0000	1.4403	65	2	0	0.3385	0	0.12
chrUn_KI270582v1	0.0667	6504	0.0000	3.6747	239	6	6	0.5517	0	0.40
chrUn_KI270588v1	0.0058	6158	0.0000	0.5846	36	1	0	0.3611	0	0.08
chrUn_KI270593v1	0.0000	3041	0.0000	0.0000	0	0	0	0.0000	0	0.00
chrUn_KI270591v1	0.0000	5796	0.0000	0.0000	0	0	0	0.0000	0	0.00
chrUn_KI270330v1	0.3686	1652	0.0000	23.3051	385	9	8	0.4811	0	0.76
chrUn_KI270329v1	0.0000	1040	0.0000	0.0000	0	0	0	0.0000	0	0.00
chrUn_KI270334v1	0.0000	1368	0.0000	0.0000	0	0	0	0.0000	0	0.00
chrUn_KI270333v1	0.0389	2699	0.0000	3.8903	105	3	0	0.2000	0	0.19
chrUn_KI270335v1	0.0000	1048	0.0000	0.0000	0	0	0	0.0000	0	0.00
chrUn_KI270338v1	0.0000	1428	0.0000	0.0000	0	0	0	0.0000	0	0.00
chrUn_KI270340v1	0.0000	1428	0.0000	0.0000	0	0	0	0.0000	0	0.00
chrUn_KI270336v1	0.0244	1026	0.0000	2.4366	25	1	0	0.2400	0	0.15
chrUn_KI270337v1	0.0446	1121	0.0000	2.2302	25	0	2	0.3200	0	0.30
chrUn_KI270363v1	0.0161	1803	0.0000	1.6084	29	1	0	0.3793	0	0.13
chrUn_KI270364v1	0.0000	2855	0.0000	0.0000	0	0	0	0.0000	0	0.00
chrUn_KI270362v1	0.0000	3530	0.0000	0.0000	0	0	0	0.0000	0	0.00
chrUn_KI270366v1	0.0052	8320	0.0000	0.5168	43	1	0	0.3953	0	0.07
chrUn_KI270378v1	0.0000	1048	0.0000	0.0000	0	0	0	0.0000	0	0.00
chrUn_KI270379v1	0.0813	1045	0.0000	8.1340	85	2	0	0.4186	0	0.27
chrUn_KI270389v1	0.0000	1298	0.0000	0.0000	0	0	0	0.0000	0	0.00
chrUn_KI270390v1	0.0000	2387	0.0000	0.0000	0	0	0	0.0000	0	0.00
chrUn_KI270387v1	0.0000	1537	0.0000	0.0000	0	0	0	0.0000	0	0.00
chrUn_KI270395v1	0.0000	1143	0.0000	0.0000	0	0	0	0.0000	0	0.00
chrUn_KI270396v1	0.0000	1880	0.0000	0.0000	0	0	0	0.0000	0	0.00
chrUn_KI270388v1	0.0000	1216	0.0000	0.0000	0	0	0	0.0000	0	0.00
chrUn_KI270394v1	0.0000	970	0.0000	0.0000	0	0	0	0.0000	0	0.00
chrUn_KI270386v1	0.0000	1788	0.0000	0.0000	0	0	0	0.0000	0	0.00
chrUn_KI270391v1	0.0000	1484	0.0000	0.0000	0	0	0	0.0000	0	0.00
chrUn_KI270383v1	0.0000	1750	0.0000	0.0000	0	0	0	0.0000	0	0.00
chrUn_KI270393v1	0.0000	1308	0.0000	0.0000	0	0	0	0.0000	0	0.00
chrUn_KI270384v1	0.0000	1658	0.0000	0.0000	0	0	0	0.0000	0	0.00
chrUn_KI270392v1	0.0000	971	0.0000	0.0000	0	0	0	0.0000	0	0.00
chrUn_KI270381v1	0.0000	1930	0.0000	0.0000	0	0	0	0.0000	0	0.00
chrUn_KI270385v1	0.0000	990	0.0000	0.0000	0	0	0	0.0000	0	0.00
chrUn_KI270382v1	0.0000	4215	0.0000	0.0000	0	0	0	0.0000	0	0.00
chrUn_KI270376v1	0.0000	1136	0.0000	0.0000	0	0	0	0.0000	0	0.00
chrUn_KI270374v1	0.0000	2656	0.0000	0.0000	0	0	0	0.0000	0	0.00
chrUn_KI270372v1	0.0000	1650	0.0000	0.0000	0	0	0	0.0000	0	0.00
chrUn_KI270373v1	0.0000	1451	0.0000	0.0000	0	0	0	0.0000	0	0.00
chrUn_KI270375v1	0.0000	2378	0.0000	0.0000	0	0	0	0.0000	0	0.00
chrUn_KI270371v1	0.0000	2805	0.0000	0.0000	0	0	0	0.0000	0	0.00
chrUn_KI270448v1	0.0503	7992	0.0000	2.5150	201	0	11	0.4652	0	0.34
chrUn_KI270521v1	0.0796	7642	0.0000	4.7762	365	1	15	0.4441	0	0.39
chrUn_GL000195v1	1.6181	182896	0.0000	32.3572	59180	4054	4098	0.5229	0	7.00
chrUn_GL000219v1	0.9584	179198	0.0000	20.7859	37248	2092	2695	0.5493	0	6.52
chrUn_GL000220v1	323.3550	161802	0.0000	41.2498	66743	1387717	2784	0.6720	0	1219.75
chrUn_GL000224v1	0.1629	179693	0.0000	9.3944	16881	616	192	0.5154	0	0.73
chrUn_KI270741v1	0.1020	157432	0.0000	6.0699	9556	291	164	0.4980	0	0.53
chrUn_GL000226v1	0.0000	15008	0.0000	0.0000	0	0	0	0.0000	0	0.00
chrUn_GL000213v1	0.0418	164239	0.0000	2.1335	3504	74	118	0.5848	0	0.52
chrUn_KI270743v1	0.3345	210658	0.0000	9.4770	19964	1092	823	0.6118	0	4.23
chrUn_KI270744v1	0.3783	168472	0.0000	11.7652	19821	818	1076	0.5543	0	7.59
chrUn_KI270745v1	0.7624	41891	0.0000	35.4897	14867	862	15	0.5422	0	1.47
chrUn_KI270746v1	0.0907	66486	0.0000	5.6644	3766	92	86	0.4254	0	0.43
chrUn_KI270747v1	0.0090	198735	0.0000	0.6551	1302	10	38	0.4807	0	0.12
chrUn_KI270748v1	0.1080	93321	0.0000	6.0897	5683	208	69	0.5300	0	0.66
chrUn_KI270749v1	0.0725	158759	0.0000	2.0087	3189	117	200	0.6369	0	1.57
chrUn_KI270750v1	0.0513	148850	0.0000	2.9909	4452	116	98	0.5481	0	0.47
chrUn_KI270751v1	0.1411	150742	0.0000	6.0182	9072	142	454	0.5325	0	1.20
chrUn_KI270752v1	0.0000	27745	0.0000	0.0000	0	0	0	0.0000	0	0.00
chrUn_KI270753v1	0.0224	62944	0.0000	1.4902	938	22	18	0.5433	0	0.20
chrUn_KI270754v1	0.0783	40191	0.0000	4.0930	1645	22	60	0.6105	0	0.48
chrUn_KI270755v1	0.0416	36723	0.0000	2.6877	987	17	23	0.5117	0	0.28
chrUn_KI270756v1	0.0000	79590	0.0000	0.0000	0	0	0	0.0000	0	0.00
chrUn_KI270757v1	0.0043	71251	0.0000	0.3410	243	7	2	0.4665	0	0.08
chrUn_GL000214v1	0.2570	137718	0.0000	9.2944	12800	603	390	0.5639	0	2.36
chrUn_KI270742v1	0.8318	186739	0.0000	17.4184	32527	1149	3152	0.5857	0	12.00
chrUn_GL000216v2	0.0317	176608	0.0000	1.6624	2936	64	98	0.5360	0	0.32
chrUn_GL000218v1	0.4961	161147	0.0000	15.8067	25472	337	1869	0.5717	0	3.42
chrEBV	82.9600	171823	0.0000	92.2502	158507	260692	127770	0.6606	32	269.84
