#ID	Avg_fold	Length	Ref_GC	Covered_percent	Covered_bases	Plus_reads	Minus_reads	Read_GC	Median_fold	Std_Dev
chr1	1.3644	248956422	0.0000	2.0260	5043829	3772421	4101929	0.5768	0	97.74
chr2	0.6309	242193529	0.0000	1.5111	3659817	1805565	1750718	0.6230	0	27.59
chr3	0.6122	198295559	0.0000	1.4604	2895840	1417509	1409600	0.6220	0	31.25
chr4	0.3905	190214555	0.0000	1.0054	1912477	881616	849847	0.6184	0	17.20
chr5	0.6159	181538259	0.0000	1.4036	2548013	1257855	1346552	0.6258	0	29.23
chr6	0.8812	170805979	0.0000	1.6798	2869259	1861077	1642726	0.5895	0	52.91
chr7	0.7201	159345973	0.0000	1.6925	2696909	1329202	1342414	0.6290	0	33.90
chr8	0.4968	145138636	0.0000	1.3243	1922039	833625	850066	0.6278	0	18.89
chr9	0.7001	138394717	0.0000	1.6203	2242356	1117233	1139027	0.6322	0	28.25
chr10	0.6459	133797422	0.0000	1.6280	2178261	1037771	974164	0.6229	0	22.72
chr11	0.8303	135086622	0.0000	1.8007	2432453	1249055	1362940	0.6277	0	34.93
chr12	0.9108	133275309	0.0000	1.9700	2625525	1392250	1431548	0.6084	0	57.57
chr13	0.3542	114364328	0.0000	0.9149	1046370	459477	485026	0.6209	0	15.43
chr14	0.9218	107043718	0.0000	1.7171	1838032	1148543	1141370	0.5938	0	68.30
chr15	0.7791	101991189	0.0000	1.7545	1789444	955462	893621	0.6216	0	32.82
chr16	1.0690	90338345	0.0000	2.6071	2355220	1124581	1123584	0.6437	0	30.17
chr17	2.5586	83257441	0.0000	3.5785	2979347	2413962	2512108	0.5428	0	115.66
chr18	0.4065	80373285	0.0000	1.1234	902921	393010	367656	0.6240	0	40.00
chr19	2.2116	58617616	0.0000	4.6691	2736932	1630280	1386574	0.6358	0	63.93
chr20	0.8443	64444167	0.0000	2.0434	1316853	661611	605136	0.6374	0	30.09
chr21	1.9155	46709983	0.0000	1.7934	837713	1701535	389747	0.6919	0	131.65
chr22	1.0527	50818468	0.0000	2.5928	1317636	634640	611172	0.6358	0	30.35
chrX	0.3349	156040895	0.0000	1.0259	1600899	626594	592270	0.6093	0	17.08
chrY	0.0079	57227415	0.0000	0.0748	42807	5916	5035	0.5439	0	0.89
chrM	878.8863	16569	0.0000	99.5534	16495	289468	72120	0.4373	483	2453.09
chr1_KI270706v1_random	0.3346	175055	0.0000	2.5963	4545	803	579	0.5206	0	4.84
chr1_KI270707v1_random	0.1028	32032	0.0000	1.3393	429	14	66	0.4569	0	1.07
chr1_KI270708v1_random	0.0391	127682	0.0000	0.6461	825	69	50	0.5511	0	0.71
chr1_KI270709v1_random	0.0130	66860	0.0000	0.1107	74	22	0	0.3816	0	0.41
chr1_KI270710v1_random	0.0000	40176	0.0000	0.0000	0	0	0	0.0000	0	0.00
chr1_KI270711v1_random	0.1727	42210	0.0000	2.6416	1115	39	133	0.4647	0	1.41
chr1_KI270712v1_random	0.1346	176043	0.0000	1.4690	2586	286	267	0.5806	0	1.91
chr1_KI270713v1_random	250.0969	40745	0.0000	8.7250	3555	3008	229876	0.4837	0	2169.97
chr1_KI270714v1_random	0.5811	41717	0.0000	2.9365	1225	197	369	0.5181	0	5.88
chr2_KI270715v1_random	0.0000	161471	0.0000	0.0000	0	0	0	0.0000	0	0.00
chr2_KI270716v1_random	0.0000	153799	0.0000	0.0000	0	0	0	0.0000	0	0.00
chr3_GL000221v1_random	0.8842	155397	0.0000	2.7285	4240	725	2460	0.6220	0	20.74
chr4_GL000008v2_random	0.1450	209709	0.0000	1.3204	2769	577	140	0.5774	0	2.51
chr5_GL000208v1_random	0.0024	92689	0.0000	0.0928	86	4	1	0.4045	0	0.09
chr9_KI270717v1_random	0.2413	40062	0.0000	3.4497	1382	59	164	0.5024	0	1.52
chr9_KI270718v1_random	9.4269	38054	0.0000	7.6497	2911	602	7620	0.6411	0	156.45
chr9_KI270719v1_random	1.6033	176845	0.0000	3.5511	6280	3767	2901	0.6593	0	16.51
chr9_KI270720v1_random	0.0595	39050	0.0000	1.0115	395	0	57	0.4294	0	0.71
chr11_KI270721v1_random	0.6185	100316	0.0000	2.2060	2213	1234	220	0.6784	0	16.45
chr14_GL000009v2_random	0.0683	201709	0.0000	0.9752	1967	136	190	0.5154	0	0.88
chr14_GL000225v1_random	0.0239	211173	0.0000	0.2586	546	26	94	0.6200	0	0.72
chr14_KI270722v1_random	0.0307	194050	0.0000	0.5767	1119	87	57	0.5446	0	0.57
chr14_GL000194v1_random	0.2225	191469	0.0000	1.2462	2386	533	461	0.6547	0	5.08
chr14_KI270723v1_random	0.1433	38115	0.0000	1.1990	457	69	63	0.5063	0	1.82
chr14_KI270724v1_random	0.3359	39555	0.0000	1.4562	576	101	221	0.5209	0	4.79
chr14_KI270725v1_random	0.0442	172810	0.0000	0.4861	840	60	116	0.6052	0	0.93
chr14_KI270726v1_random	0.3264	43739	0.0000	1.5638	684	123	215	0.5482	0	4.83
chr15_KI270727v1_random	0.1020	448248	0.0000	0.6525	2925	287	781	0.6289	0	2.06
chr16_KI270728v1_random	0.0756	1872759	0.0000	0.6274	11750	1322	2027	0.5365	0	1.77
chr17_GL000205v2_random	7.9496	185591	0.0000	10.2871	19092	17684	16938	0.5470	0	58.24
chr17_KI270729v1_random	0.0034	280839	0.0000	0.0445	125	24	0	0.4080	0	0.19
chr17_KI270730v1_random	0.0008	112551	0.0000	0.0391	44	2	0	0.2273	0	0.04
chr22_KI270731v1_random	0.2703	150754	0.0000	1.8805	2835	451	514	0.6247	0	3.61
chr22_KI270732v1_random	0.0106	41543	0.0000	0.3177	132	10	0	0.3818	0	0.19
chr22_KI270733v1_random	150.1484	179772	0.0000	22.9274	41217	623860	8251	0.7230	0	1479.29
chr22_KI270734v1_random	0.4900	165050	0.0000	2.1606	3566	857	1047	0.6663	0	8.30
chr22_KI270735v1_random	0.0010	42811	0.0000	0.1028	44	1	0	0.5227	0	0.03
chr22_KI270736v1_random	0.0000	181920	0.0000	0.0000	0	0	0	0.0000	0	0.00
chr22_KI270737v1_random	0.0096	103838	0.0000	0.1628	169	3	22	0.4181	0	0.31
chr22_KI270738v1_random	0.0000	99375	0.0000	0.0000	0	0	0	0.0000	0	0.00
chr22_KI270739v1_random	0.0071	73985	0.0000	0.1784	132	9	3	0.4659	0	0.17
chrY_KI270740v1_random	0.0000	37240	0.0000	0.0000	0	0	0	0.0000	0	0.00
chrUn_KI270302v1	0.0000	2274	0.0000	0.0000	0	0	0	0.0000	0	0.00
chrUn_KI270304v1	0.0000	2165	0.0000	0.0000	0	0	0	0.0000	0	0.00
chrUn_KI270303v1	0.0000	1942	0.0000	0.0000	0	0	0	0.0000	0	0.00
chrUn_KI270305v1	0.0000	1472	0.0000	0.0000	0	0	0	0.0000	0	0.00
chrUn_KI270322v1	0.0000	21476	0.0000	0.0000	0	0	0	0.0000	0	0.00
chrUn_KI270320v1	0.0000	4416	0.0000	0.0000	0	0	0	0.0000	0	0.00
chrUn_KI270310v1	0.0000	1201	0.0000	0.0000	0	0	0	0.0000	0	0.00
chrUn_KI270316v1	0.0000	1444	0.0000	0.0000	0	0	0	0.0000	0	0.00
chrUn_KI270315v1	0.0000	2276	0.0000	0.0000	0	0	0	0.0000	0	0.00
chrUn_KI270312v1	0.0000	998	0.0000	0.0000	0	0	0	0.0000	0	0.00
chrUn_KI270311v1	0.0000	12399	0.0000	0.0000	0	0	0	0.0000	0	0.00
chrUn_KI270317v1	0.0000	37690	0.0000	0.0000	0	0	0	0.0000	0	0.00
chrUn_KI270412v1	0.0000	1179	0.0000	0.0000	0	0	0	0.0000	0	0.00
chrUn_KI270411v1	0.0000	2646	0.0000	0.0000	0	0	0	0.0000	0	0.00
chrUn_KI270414v1	0.0000	2489	0.0000	0.0000	0	0	0	0.0000	0	0.00
chrUn_KI270419v1	0.0000	1029	0.0000	0.0000	0	0	0	0.0000	0	0.00
chrUn_KI270418v1	0.0000	2145	0.0000	0.0000	0	0	0	0.0000	0	0.00
chrUn_KI270420v1	0.0000	2321	0.0000	0.0000	0	0	0	0.0000	0	0.00
chrUn_KI270424v1	0.0000	2140	0.0000	0.0000	0	0	0	0.0000	0	0.00
chrUn_KI270417v1	0.0000	2043	0.0000	0.0000	0	0	0	0.0000	0	0.00
chrUn_KI270422v1	0.0000	1445	0.0000	0.0000	0	0	0	0.0000	0	0.00
chrUn_KI270423v1	0.0000	981	0.0000	0.0000	0	0	0	0.0000	0	0.00
chrUn_KI270425v1	0.0000	1884	0.0000	0.0000	0	0	0	0.0000	0	0.00
chrUn_KI270429v1	0.0000	1361	0.0000	0.0000	0	0	0	0.0000	0	0.00
chrUn_KI270442v1	0.7551	392061	0.0000	1.0361	4062	2290	4720	0.6004	0	19.65
chrUn_KI270466v1	0.0000	1233	0.0000	0.0000	0	0	0	0.0000	0	0.00
chrUn_KI270465v1	0.0000	1774	0.0000	0.0000	0	0	0	0.0000	0	0.00
chrUn_KI270467v1	0.0000	3920	0.0000	0.0000	0	0	0	0.0000	0	0.00
chrUn_KI270435v1	0.0000	92983	0.0000	0.0000	0	0	0	0.0000	0	0.00
chrUn_KI270438v1	0.0000	112505	0.0000	0.0000	0	0	0	0.0000	0	0.00
chrUn_KI270468v1	0.0000	4055	0.0000	0.0000	0	0	0	0.0000	0	0.00
chrUn_KI270510v1	0.0000	2415	0.0000	0.0000	0	0	0	0.0000	0	0.00
chrUn_KI270509v1	0.0000	2318	0.0000	0.0000	0	0	0	0.0000	0	0.00
chrUn_KI270518v1	0.0000	2186	0.0000	0.0000	0	0	0	0.0000	0	0.00
chrUn_KI270508v1	0.0000	1951	0.0000	0.0000	0	0	0	0.0000	0	0.00
chrUn_KI270516v1	0.0000	1300	0.0000	0.0000	0	0	0	0.0000	0	0.00
chrUn_KI270512v1	0.0000	22689	0.0000	0.0000	0	0	0	0.0000	0	0.00
chrUn_KI270519v1	0.0061	138126	0.0000	0.0956	132	19	0	0.3756	0	0.23
chrUn_KI270522v1	0.0000	5674	0.0000	0.0000	0	0	0	0.0000	0	0.00
chrUn_KI270511v1	0.0000	8127	0.0000	0.0000	0	0	0	0.0000	0	0.00
chrUn_KI270515v1	0.0000	6361	0.0000	0.0000	0	0	0	0.0000	0	0.00
chrUn_KI270507v1	0.0000	5353	0.0000	0.0000	0	0	0	0.0000	0	0.00
chrUn_KI270517v1	0.0000	3253	0.0000	0.0000	0	0	0	0.0000	0	0.00
chrUn_KI270529v1	0.0000	1899	0.0000	0.0000	0	0	0	0.0000	0	0.00
chrUn_KI270528v1	0.0000	2983	0.0000	0.0000	0	0	0	0.0000	0	0.00
chrUn_KI270530v1	0.0000	2168	0.0000	0.0000	0	0	0	0.0000	0	0.00
chrUn_KI270539v1	0.0000	993	0.0000	0.0000	0	0	0	0.0000	0	0.00
chrUn_KI270538v1	0.0000	91309	0.0000	0.0000	0	0	0	0.0000	0	0.00
chrUn_KI270544v1	0.0000	1202	0.0000	0.0000	0	0	0	0.0000	0	0.00
chrUn_KI270548v1	0.0000	1599	0.0000	0.0000	0	0	0	0.0000	0	0.00
chrUn_KI270583v1	0.0000	1400	0.0000	0.0000	0	0	0	0.0000	0	0.00
chrUn_KI270587v1	0.0000	2969	0.0000	0.0000	0	0	0	0.0000	0	0.00
chrUn_KI270580v1	0.0000	1553	0.0000	0.0000	0	0	0	0.0000	0	0.00
chrUn_KI270581v1	0.0000	7046	0.0000	0.0000	0	0	0	0.0000	0	0.00
chrUn_KI270579v1	0.0000	31033	0.0000	0.0000	0	0	0	0.0000	0	0.00
chrUn_KI270589v1	0.0000	44474	0.0000	0.0000	0	0	0	0.0000	0	0.00
chrUn_KI270590v1	0.0000	4685	0.0000	0.0000	0	0	0	0.0000	0	0.00
chrUn_KI270584v1	0.0000	4513	0.0000	0.0000	0	0	0	0.0000	0	0.00
chrUn_KI270582v1	0.0057	6504	0.0000	0.5689	37	0	1	0.6842	0	0.08
chrUn_KI270588v1	0.0000	6158	0.0000	0.0000	0	0	0	0.0000	0	0.00
chrUn_KI270593v1	0.0000	3041	0.0000	0.0000	0	0	0	0.0000	0	0.00
chrUn_KI270591v1	0.0000	5796	0.0000	0.0000	0	0	0	0.0000	0	0.00
chrUn_KI270330v1	0.0000	1652	0.0000	0.0000	0	0	0	0.0000	0	0.00
chrUn_KI270329v1	0.0000	1040	0.0000	0.0000	0	0	0	0.0000	0	0.00
chrUn_KI270334v1	0.0000	1368	0.0000	0.0000	0	0	0	0.0000	0	0.00
chrUn_KI270333v1	0.0000	2699	0.0000	0.0000	0	0	0	0.0000	0	0.00
chrUn_KI270335v1	0.0000	1048	0.0000	0.0000	0	0	0	0.0000	0	0.00
chrUn_KI270338v1	0.0000	1428	0.0000	0.0000	0	0	0	0.0000	0	0.00
chrUn_KI270340v1	0.0000	1428	0.0000	0.0000	0	0	0	0.0000	0	0.00
chrUn_KI270336v1	0.0000	1026	0.0000	0.0000	0	0	0	0.0000	0	0.00
chrUn_KI270337v1	0.0000	1121	0.0000	0.0000	0	0	0	0.0000	0	0.00
chrUn_KI270363v1	0.0000	1803	0.0000	0.0000	0	0	0	0.0000	0	0.00
chrUn_KI270364v1	0.0000	2855	0.0000	0.0000	0	0	0	0.0000	0	0.00
chrUn_KI270362v1	0.0000	3530	0.0000	0.0000	0	0	0	0.0000	0	0.00
chrUn_KI270366v1	0.0000	8320	0.0000	0.0000	0	0	0	0.0000	0	0.00
chrUn_KI270378v1	0.0000	1048	0.0000	0.0000	0	0	0	0.0000	0	0.00
chrUn_KI270379v1	0.0000	1045	0.0000	0.0000	0	0	0	0.0000	0	0.00
chrUn_KI270389v1	0.0000	1298	0.0000	0.0000	0	0	0	0.0000	0	0.00
chrUn_KI270390v1	0.0000	2387	0.0000	0.0000	0	0	0	0.0000	0	0.00
chrUn_KI270387v1	0.0000	1537	0.0000	0.0000	0	0	0	0.0000	0	0.00
chrUn_KI270395v1	0.0000	1143	0.0000	0.0000	0	0	0	0.0000	0	0.00
chrUn_KI270396v1	0.0000	1880	0.0000	0.0000	0	0	0	0.0000	0	0.00
chrUn_KI270388v1	0.0000	1216	0.0000	0.0000	0	0	0	0.0000	0	0.00
chrUn_KI270394v1	0.0000	970	0.0000	0.0000	0	0	0	0.0000	0	0.00
chrUn_KI270386v1	0.0000	1788	0.0000	0.0000	0	0	0	0.0000	0	0.00
chrUn_KI270391v1	0.0000	1484	0.0000	0.0000	0	0	0	0.0000	0	0.00
chrUn_KI270383v1	0.0000	1750	0.0000	0.0000	0	0	0	0.0000	0	0.00
chrUn_KI270393v1	0.0000	1308	0.0000	0.0000	0	0	0	0.0000	0	0.00
chrUn_KI270384v1	0.0000	1658	0.0000	0.0000	0	0	0	0.0000	0	0.00
chrUn_KI270392v1	0.0000	971	0.0000	0.0000	0	0	0	0.0000	0	0.00
chrUn_KI270381v1	0.0000	1930	0.0000	0.0000	0	0	0	0.0000	0	0.00
chrUn_KI270385v1	0.0000	990	0.0000	0.0000	0	0	0	0.0000	0	0.00
chrUn_KI270382v1	0.0000	4215	0.0000	0.0000	0	0	0	0.0000	0	0.00
chrUn_KI270376v1	0.0000	1136	0.0000	0.0000	0	0	0	0.0000	0	0.00
chrUn_KI270374v1	0.0000	2656	0.0000	0.0000	0	0	0	0.0000	0	0.00
chrUn_KI270372v1	0.0000	1650	0.0000	0.0000	0	0	0	0.0000	0	0.00
chrUn_KI270373v1	0.0000	1451	0.0000	0.0000	0	0	0	0.0000	0	0.00
chrUn_KI270375v1	0.0000	2378	0.0000	0.0000	0	0	0	0.0000	0	0.00
chrUn_KI270371v1	0.0000	2805	0.0000	0.0000	0	0	0	0.0000	0	0.00
chrUn_KI270448v1	0.0000	7992	0.0000	0.0000	0	0	0	0.0000	0	0.00
chrUn_KI270521v1	0.0000	7642	0.0000	0.0000	0	0	0	0.0000	0	0.00
chrUn_GL000195v1	4.8947	182896	0.0000	10.0833	18442	12939	8036	0.5710	0	42.85
chrUn_GL000219v1	5.5502	179198	0.0000	4.9850	8933	10443	12812	0.6306	0	102.76
chrUn_GL000220v1	175.4852	161802	0.0000	24.3940	39470	655239	8650	0.7326	0	1559.73
chrUn_GL000224v1	0.0709	179693	0.0000	0.7268	1306	255	52	0.5436	0	1.39
chrUn_KI270741v1	0.0622	157432	0.0000	0.5590	880	192	40	0.5739	0	1.42
chrUn_GL000226v1	0.0000	15008	0.0000	0.0000	0	0	0	0.0000	0	0.00
chrUn_GL000213v1	0.0254	164239	0.0000	0.3671	603	42	66	0.6108	0	0.49
chrUn_KI270743v1	0.2997	210658	0.0000	1.7260	3636	958	523	0.5863	0	5.02
chrUn_KI270744v1	0.2431	168472	0.0000	1.8223	3070	528	438	0.5645	0	2.93
chrUn_KI270745v1	0.2455	41891	0.0000	4.4091	1847	231	11	0.4795	0	1.49
chrUn_KI270746v1	0.0125	66486	0.0000	0.3971	264	14	7	0.4195	0	0.22
chrUn_KI270747v1	0.0102	198735	0.0000	0.1806	359	10	37	0.4620	0	0.27
chrUn_KI270748v1	0.3553	93321	0.0000	2.1560	2012	573	194	0.6505	0	5.83
chrUn_KI270749v1	0.0653	158759	0.0000	0.4151	659	55	185	0.6355	0	1.41
chrUn_KI270750v1	0.0738	148850	0.0000	0.5314	791	157	102	0.5932	0	1.43
chrUn_KI270751v1	0.0570	150742	0.0000	0.6422	968	60	149	0.5555	0	1.09
chrUn_KI270752v1	0.0000	27745	0.0000	0.0000	0	0	0	0.0000	0	0.00
chrUn_KI270753v1	0.0221	62944	0.0000	0.2796	176	27	5	0.5270	0	0.49
chrUn_KI270754v1	0.1728	40191	0.0000	1.8561	746	105	57	0.5885	0	2.61
chrUn_KI270755v1	0.0312	36723	0.0000	0.4793	176	12	14	0.4677	0	0.54
chrUn_KI270756v1	0.0000	79590	0.0000	0.0000	0	0	0	0.0000	0	0.00
chrUn_KI270757v1	0.0043	71251	0.0000	0.0618	44	7	0	0.3864	0	0.17
chrUn_GL000214v1	0.3307	137718	0.0000	1.3840	1906	565	503	0.5805	0	6.12
chrUn_KI270742v1	0.7576	186739	0.0000	2.1656	4044	842	2441	0.6173	0	19.21
chrUn_GL000216v2	0.0115	176608	0.0000	0.1948	344	38	9	0.5211	0	0.29
chrUn_GL000218v1	0.1314	161147	0.0000	0.8222	1325	245	250	0.6239	0	2.77
chrEBV	36.1881	171823	0.0000	45.8437	78770	107479	39074	0.6411	0	446.41
