#ID	Avg_fold	Length	Ref_GC	Covered_percent	Covered_bases	Plus_reads	Minus_reads	Read_GC	Median_fold	Std_Dev
chr1	0.8581	248956422	0.0000	2.8665	7136400	2441390	2515970	0.6098	0	84.86
chr2	0.4799	242193529	0.0000	2.2010	5330602	1367226	1332939	0.6398	0	21.72
chr3	0.4724	198295559	0.0000	2.1599	4282988	1099540	1077159	0.6406	0	21.39
chr4	0.3017	190214555	0.0000	1.4917	2837481	675261	659065	0.6371	0	13.74
chr5	0.4724	181538259	0.0000	2.0114	3651477	967372	1026502	0.6432	0	22.13
chr6	0.6202	170805979	0.0000	2.5073	4282680	1269001	1195492	0.6133	0	43.32
chr7	0.5593	159345973	0.0000	2.3638	3766648	1039950	1029593	0.6456	0	27.92
chr8	0.3856	145138636	0.0000	1.9542	2836321	650432	651438	0.6468	0	14.54
chr9	0.5625	138394717	0.0000	2.3078	3193931	898628	909787	0.6482	0	27.72
chr10	0.5116	133797422	0.0000	2.4221	3240740	829500	760527	0.6419	0	18.20
chr11	0.6298	135086622	0.0000	2.5460	3439357	947884	1028274	0.6436	0	26.55
chr12	0.6644	133275309	0.0000	2.7770	3701062	1046125	1011589	0.6281	0	32.39
chr13	0.2793	114364328	0.0000	1.4173	1620903	367944	375725	0.6412	0	12.64
chr14	0.5959	107043718	0.0000	2.4433	2615347	748807	731529	0.6190	0	63.67
chr15	0.5929	101991189	0.0000	2.5668	2617950	715299	689212	0.6406	0	23.88
chr16	0.8646	90338345	0.0000	3.5635	3219175	902309	910198	0.6621	0	27.81
chr17	1.5683	83257441	0.0000	4.8688	4053661	1476538	1548200	0.5978	0	104.05
chr18	0.3073	80373285	0.0000	1.6646	1337880	286171	288015	0.6445	0	16.81
chr19	1.7690	58617616	0.0000	6.3127	3700377	1289797	1117526	0.6462	0	46.78
chr20	0.6562	64444167	0.0000	2.9315	1889212	509395	472517	0.6536	0	23.36
chr21	0.8918	46709983	0.0000	2.4470	1142972	671427	302837	0.6701	0	106.53
chr22	0.8307	50818468	0.0000	3.5658	1812102	480987	499202	0.6513	0	25.06
chrX	0.2490	156040895	0.0000	1.4647	2285543	462259	441480	0.6264	0	12.70
chrY	0.0049	57227415	0.0000	0.0986	56453	3616	3168	0.5602	0	0.52
chrM	353.5234	16569	0.0000	99.5473	16494	123889	21418	0.4429	224	832.67
chr1_KI270706v1_random	0.3876	175055	0.0000	5.0738	8882	676	922	0.5524	0	8.65
chr1_KI270707v1_random	0.1034	32032	0.0000	3.4653	1110	58	22	0.5110	0	0.84
chr1_KI270708v1_random	0.0546	127682	0.0000	1.5124	1931	71	96	0.5060	0	0.73
chr1_KI270709v1_random	0.0017	66860	0.0000	0.1750	117	2	1	0.4957	0	0.04
chr1_KI270710v1_random	0.0022	40176	0.0000	0.2190	88	2	0	0.5455	0	0.05
chr1_KI270711v1_random	0.0460	42210	0.0000	2.2886	966	21	28	0.5100	0	0.42
chr1_KI270712v1_random	0.1011	176043	0.0000	1.6286	2867	252	165	0.6068	0	1.75
chr1_KI270713v1_random	88.1209	40745	0.0000	11.6922	4764	2546	79646	0.4861	0	2153.31
chr1_KI270714v1_random	0.4571	41717	0.0000	4.3388	1810	210	244	0.5390	0	5.11
chr2_KI270715v1_random	0.0002	161471	0.0000	0.0204	33	1	0	0.4444	0	0.01
chr2_KI270716v1_random	0.0000	153799	0.0000	0.0000	0	0	0	0.0000	0	0.00
chr3_GL000221v1_random	2.3907	155397	0.0000	6.1623	9576	1362	7222	0.6394	0	70.74
chr4_GL000008v2_random	0.1132	209709	0.0000	2.4172	5069	407	166	0.5822	0	1.75
chr5_GL000208v1_random	0.0000	92689	0.0000	0.0000	0	0	0	0.0000	0	0.00
chr9_KI270717v1_random	0.0972	40062	0.0000	3.2000	1282	33	57	0.5607	0	1.12
chr9_KI270718v1_random	6.2847	38054	0.0000	10.7479	4090	622	4865	0.6680	0	103.18
chr9_KI270719v1_random	1.1026	176845	0.0000	3.9605	7004	2785	1800	0.6547	0	12.71
chr9_KI270720v1_random	0.0223	39050	0.0000	0.9014	352	16	9	0.4305	0	0.26
chr11_KI270721v1_random	0.5850	100316	0.0000	3.4282	3439	1022	339	0.7137	0	13.98
chr14_GL000009v2_random	0.1200	201709	0.0000	2.5795	5203	290	288	0.5561	0	1.90
chr14_GL000225v1_random	0.0159	211173	0.0000	0.7591	1603	42	40	0.5687	0	0.23
chr14_KI270722v1_random	0.0402	194050	0.0000	1.1945	2318	81	109	0.5172	0	0.53
chr14_GL000194v1_random	0.4023	191469	0.0000	3.7353	7152	665	1129	0.6204	0	6.86
chr14_KI270723v1_random	0.1235	38115	0.0000	1.6660	635	37	76	0.4786	0	1.32
chr14_KI270724v1_random	0.2232	39555	0.0000	1.8556	734	114	96	0.5432	0	2.55
chr14_KI270725v1_random	0.0359	172810	0.0000	0.7453	1288	52	95	0.6272	0	0.86
chr14_KI270726v1_random	0.2460	43739	0.0000	3.8936	1703	208	46	0.4994	0	4.25
chr15_KI270727v1_random	0.1284	448248	0.0000	1.7856	8004	561	773	0.6160	0	2.03
chr16_KI270728v1_random	0.1130	1872759	0.0000	1.0551	19759	1995	2951	0.6144	0	4.30
chr17_GL000205v2_random	7.1190	185591	0.0000	13.7943	25601	16503	14383	0.5547	0	55.63
chr17_KI270729v1_random	0.0042	280839	0.0000	0.1346	378	29	0	0.4309	0	0.14
chr17_KI270730v1_random	0.0038	112551	0.0000	0.1493	168	7	3	0.5231	0	0.10
chr22_KI270731v1_random	0.2519	150754	0.0000	2.9207	4403	273	610	0.6343	0	4.80
chr22_KI270732v1_random	0.0050	41543	0.0000	0.1829	76	5	0	0.3798	0	0.13
chr22_KI270733v1_random	40.5457	179772	0.0000	26.7656	48117	167648	4640	0.7087	0	932.61
chr22_KI270734v1_random	0.5186	165050	0.0000	3.5153	5802	844	1132	0.6664	0	11.05
chr22_KI270735v1_random	0.0000	42811	0.0000	0.0000	0	0	0	0.0000	0	0.00
chr22_KI270736v1_random	0.0009	181920	0.0000	0.0918	167	4	0	0.3750	0	0.03
chr22_KI270737v1_random	0.0022	103838	0.0000	0.0713	74	0	6	0.4911	0	0.09
chr22_KI270738v1_random	0.0009	99375	0.0000	0.0453	45	0	2	0.4545	0	0.04
chr22_KI270739v1_random	0.0000	73985	0.0000	0.0000	0	0	0	0.0000	0	0.00
chrY_KI270740v1_random	0.0000	37240	0.0000	0.0000	0	0	0	0.0000	0	0.00
chrUn_KI270302v1	0.0000	2274	0.0000	0.0000	0	0	0	0.0000	0	0.00
chrUn_KI270304v1	0.1016	2165	0.0000	6.0970	132	5	0	0.3591	0	0.46
chrUn_KI270303v1	0.0000	1942	0.0000	0.0000	0	0	0	0.0000	0	0.00
chrUn_KI270305v1	0.0000	1472	0.0000	0.0000	0	0	0	0.0000	0	0.00
chrUn_KI270322v1	0.0000	21476	0.0000	0.0000	0	0	0	0.0000	0	0.00
chrUn_KI270320v1	0.0000	4416	0.0000	0.0000	0	0	0	0.0000	0	0.00
chrUn_KI270310v1	0.0733	1201	0.0000	7.3272	88	2	0	0.4659	0	0.26
chrUn_KI270316v1	0.0000	1444	0.0000	0.0000	0	0	0	0.0000	0	0.00
chrUn_KI270315v1	0.0000	2276	0.0000	0.0000	0	0	0	0.0000	0	0.00
chrUn_KI270312v1	0.0000	998	0.0000	0.0000	0	0	0	0.0000	0	0.00
chrUn_KI270311v1	0.0000	12399	0.0000	0.0000	0	0	0	0.0000	0	0.00
chrUn_KI270317v1	0.0000	37690	0.0000	0.0000	0	0	0	0.0000	0	0.00
chrUn_KI270412v1	0.0000	1179	0.0000	0.0000	0	0	0	0.0000	0	0.00
chrUn_KI270411v1	0.0000	2646	0.0000	0.0000	0	0	0	0.0000	0	0.00
chrUn_KI270414v1	0.0000	2489	0.0000	0.0000	0	0	0	0.0000	0	0.00
chrUn_KI270419v1	0.0000	1029	0.0000	0.0000	0	0	0	0.0000	0	0.00
chrUn_KI270418v1	0.0000	2145	0.0000	0.0000	0	0	0	0.0000	0	0.00
chrUn_KI270420v1	0.0000	2321	0.0000	0.0000	0	0	0	0.0000	0	0.00
chrUn_KI270424v1	0.0000	2140	0.0000	0.0000	0	0	0	0.0000	0	0.00
chrUn_KI270417v1	0.0000	2043	0.0000	0.0000	0	0	0	0.0000	0	0.00
chrUn_KI270422v1	0.0000	1445	0.0000	0.0000	0	0	0	0.0000	0	0.00
chrUn_KI270423v1	0.0000	981	0.0000	0.0000	0	0	0	0.0000	0	0.00
chrUn_KI270425v1	0.0000	1884	0.0000	0.0000	0	0	0	0.0000	0	0.00
chrUn_KI270429v1	0.0000	1361	0.0000	0.0000	0	0	0	0.0000	0	0.00
chrUn_KI270442v1	0.7027	392061	0.0000	1.2388	4857	1782	4740	0.6434	0	26.61
chrUn_KI270466v1	0.0000	1233	0.0000	0.0000	0	0	0	0.0000	0	0.00
chrUn_KI270465v1	0.0000	1774	0.0000	0.0000	0	0	0	0.0000	0	0.00
chrUn_KI270467v1	0.0000	3920	0.0000	0.0000	0	0	0	0.0000	0	0.00
chrUn_KI270435v1	0.0014	92983	0.0000	0.0946	88	0	3	0.5682	0	0.05
chrUn_KI270438v1	0.0023	112505	0.0000	0.0782	88	6	0	0.5000	0	0.10
chrUn_KI270468v1	0.0000	4055	0.0000	0.0000	0	0	0	0.0000	0	0.00
chrUn_KI270510v1	0.0000	2415	0.0000	0.0000	0	0	0	0.0000	0	0.00
chrUn_KI270509v1	0.0000	2318	0.0000	0.0000	0	0	0	0.0000	0	0.00
chrUn_KI270518v1	0.0000	2186	0.0000	0.0000	0	0	0	0.0000	0	0.00
chrUn_KI270508v1	0.0000	1951	0.0000	0.0000	0	0	0	0.0000	0	0.00
chrUn_KI270516v1	0.0000	1300	0.0000	0.0000	0	0	0	0.0000	0	0.00
chrUn_KI270512v1	0.0019	22689	0.0000	0.1939	44	1	0	0.3864	0	0.04
chrUn_KI270519v1	0.0010	138126	0.0000	0.0956	132	2	1	0.4621	0	0.03
chrUn_KI270522v1	0.0000	5674	0.0000	0.0000	0	0	0	0.0000	0	0.00
chrUn_KI270511v1	0.0000	8127	0.0000	0.0000	0	0	0	0.0000	0	0.00
chrUn_KI270515v1	0.0000	6361	0.0000	0.0000	0	0	0	0.0000	0	0.00
chrUn_KI270507v1	0.0000	5353	0.0000	0.0000	0	0	0	0.0000	0	0.00
chrUn_KI270517v1	0.0000	3253	0.0000	0.0000	0	0	0	0.0000	0	0.00
chrUn_KI270529v1	0.0000	1899	0.0000	0.0000	0	0	0	0.0000	0	0.00
chrUn_KI270528v1	0.0000	2983	0.0000	0.0000	0	0	0	0.0000	0	0.00
chrUn_KI270530v1	0.0000	2168	0.0000	0.0000	0	0	0	0.0000	0	0.00
chrUn_KI270539v1	0.0000	993	0.0000	0.0000	0	0	0	0.0000	0	0.00
chrUn_KI270538v1	0.0000	91309	0.0000	0.0000	0	0	0	0.0000	0	0.00
chrUn_KI270544v1	0.0000	1202	0.0000	0.0000	0	0	0	0.0000	0	0.00
chrUn_KI270548v1	0.0000	1599	0.0000	0.0000	0	0	0	0.0000	0	0.00
chrUn_KI270583v1	0.0000	1400	0.0000	0.0000	0	0	0	0.0000	0	0.00
chrUn_KI270587v1	0.0000	2969	0.0000	0.0000	0	0	0	0.0000	0	0.00
chrUn_KI270580v1	0.0000	1553	0.0000	0.0000	0	0	0	0.0000	0	0.00
chrUn_KI270581v1	0.0000	7046	0.0000	0.0000	0	0	0	0.0000	0	0.00
chrUn_KI270579v1	0.0000	31033	0.0000	0.0000	0	0	0	0.0000	0	0.00
chrUn_KI270589v1	0.0000	44474	0.0000	0.0000	0	0	0	0.0000	0	0.00
chrUn_KI270590v1	0.0000	4685	0.0000	0.0000	0	0	0	0.0000	0	0.00
chrUn_KI270584v1	0.0000	4513	0.0000	0.0000	0	0	0	0.0000	0	0.00
chrUn_KI270582v1	0.0000	6504	0.0000	0.0000	0	0	0	0.0000	0	0.00
chrUn_KI270588v1	0.0286	6158	0.0000	0.7145	44	4	0	0.4773	0	0.34
chrUn_KI270593v1	0.0000	3041	0.0000	0.0000	0	0	0	0.0000	0	0.00
chrUn_KI270591v1	0.0000	5796	0.0000	0.0000	0	0	0	0.0000	0	0.00
chrUn_KI270330v1	0.0000	1652	0.0000	0.0000	0	0	0	0.0000	0	0.00
chrUn_KI270329v1	0.0000	1040	0.0000	0.0000	0	0	0	0.0000	0	0.00
chrUn_KI270334v1	0.0000	1368	0.0000	0.0000	0	0	0	0.0000	0	0.00
chrUn_KI270333v1	0.0000	2699	0.0000	0.0000	0	0	0	0.0000	0	0.00
chrUn_KI270335v1	0.0000	1048	0.0000	0.0000	0	0	0	0.0000	0	0.00
chrUn_KI270338v1	0.0000	1428	0.0000	0.0000	0	0	0	0.0000	0	0.00
chrUn_KI270340v1	0.0000	1428	0.0000	0.0000	0	0	0	0.0000	0	0.00
chrUn_KI270336v1	0.0000	1026	0.0000	0.0000	0	0	0	0.0000	0	0.00
chrUn_KI270337v1	0.0000	1121	0.0000	0.0000	0	0	0	0.0000	0	0.00
chrUn_KI270363v1	0.0000	1803	0.0000	0.0000	0	0	0	0.0000	0	0.00
chrUn_KI270364v1	0.0000	2855	0.0000	0.0000	0	0	0	0.0000	0	0.00
chrUn_KI270362v1	0.0000	3530	0.0000	0.0000	0	0	0	0.0000	0	0.00
chrUn_KI270366v1	0.0000	8320	0.0000	0.0000	0	0	0	0.0000	0	0.00
chrUn_KI270378v1	0.0000	1048	0.0000	0.0000	0	0	0	0.0000	0	0.00
chrUn_KI270379v1	0.0000	1045	0.0000	0.0000	0	0	0	0.0000	0	0.00
chrUn_KI270389v1	0.0000	1298	0.0000	0.0000	0	0	0	0.0000	0	0.00
chrUn_KI270390v1	0.0000	2387	0.0000	0.0000	0	0	0	0.0000	0	0.00
chrUn_KI270387v1	0.0000	1537	0.0000	0.0000	0	0	0	0.0000	0	0.00
chrUn_KI270395v1	0.0000	1143	0.0000	0.0000	0	0	0	0.0000	0	0.00
chrUn_KI270396v1	0.0000	1880	0.0000	0.0000	0	0	0	0.0000	0	0.00
chrUn_KI270388v1	0.0000	1216	0.0000	0.0000	0	0	0	0.0000	0	0.00
chrUn_KI270394v1	0.0000	970	0.0000	0.0000	0	0	0	0.0000	0	0.00
chrUn_KI270386v1	0.0000	1788	0.0000	0.0000	0	0	0	0.0000	0	0.00
chrUn_KI270391v1	0.0000	1484	0.0000	0.0000	0	0	0	0.0000	0	0.00
chrUn_KI270383v1	0.0000	1750	0.0000	0.0000	0	0	0	0.0000	0	0.00
chrUn_KI270393v1	0.0000	1308	0.0000	0.0000	0	0	0	0.0000	0	0.00
chrUn_KI270384v1	0.0000	1658	0.0000	0.0000	0	0	0	0.0000	0	0.00
chrUn_KI270392v1	0.0000	971	0.0000	0.0000	0	0	0	0.0000	0	0.00
chrUn_KI270381v1	0.0000	1930	0.0000	0.0000	0	0	0	0.0000	0	0.00
chrUn_KI270385v1	0.0000	990	0.0000	0.0000	0	0	0	0.0000	0	0.00
chrUn_KI270382v1	0.0000	4215	0.0000	0.0000	0	0	0	0.0000	0	0.00
chrUn_KI270376v1	0.0000	1136	0.0000	0.0000	0	0	0	0.0000	0	0.00
chrUn_KI270374v1	0.0000	2656	0.0000	0.0000	0	0	0	0.0000	0	0.00
chrUn_KI270372v1	0.0000	1650	0.0000	0.0000	0	0	0	0.0000	0	0.00
chrUn_KI270373v1	0.0000	1451	0.0000	0.0000	0	0	0	0.0000	0	0.00
chrUn_KI270375v1	0.0000	2378	0.0000	0.0000	0	0	0	0.0000	0	0.00
chrUn_KI270371v1	0.0000	2805	0.0000	0.0000	0	0	0	0.0000	0	0.00
chrUn_KI270448v1	0.0165	7992	0.0000	0.5506	44	0	3	0.3864	0	0.22
chrUn_KI270521v1	0.0173	7642	0.0000	0.5758	44	0	3	0.3864	0	0.23
chrUn_GL000195v1	4.2690	182896	0.0000	13.7253	25103	11604	6651	0.5815	0	43.16
chrUn_GL000219v1	1.7028	179198	0.0000	3.9894	7149	3980	3261	0.6679	0	43.30
chrUn_GL000220v1	52.2370	161802	0.0000	28.9619	46861	193284	5358	0.7254	0	1274.23
chrUn_GL000224v1	0.0521	179693	0.0000	1.7424	3131	151	73	0.5403	0	0.82
chrUn_KI270741v1	0.0295	157432	0.0000	0.7915	1246	93	17	0.5793	0	0.77
chrUn_GL000226v1	0.0000	15008	0.0000	0.0000	0	0	0	0.0000	0	0.00
chrUn_GL000213v1	0.0260	164239	0.0000	1.0266	1686	36	65	0.6029	0	0.44
chrUn_KI270743v1	0.3742	210658	0.0000	2.9441	6202	1169	680	0.5883	0	7.77
chrUn_KI270744v1	0.1056	168472	0.0000	2.3482	3956	280	140	0.5611	0	1.91
chrUn_KI270745v1	0.0984	41891	0.0000	5.0488	2115	67	31	0.5198	0	0.58
chrUn_KI270746v1	0.0076	66486	0.0000	0.4347	289	9	5	0.3543	0	0.13
chrUn_KI270747v1	0.0048	198735	0.0000	0.2259	449	8	14	0.4906	0	0.13
chrUn_KI270748v1	0.2320	93321	0.0000	3.5758	3337	365	144	0.6557	0	3.80
chrUn_KI270749v1	0.0640	158759	0.0000	0.7017	1114	49	191	0.6248	0	1.72
chrUn_KI270750v1	0.0167	148850	0.0000	0.5684	846	20	40	0.6203	0	0.44
chrUn_KI270751v1	0.0746	150742	0.0000	2.2243	3353	101	171	0.5097	0	0.94
chrUn_KI270752v1	0.0000	27745	0.0000	0.0000	0	0	0	0.0000	0	0.00
chrUn_KI270753v1	0.0162	62944	0.0000	0.7562	476	13	11	0.5618	0	0.23
chrUn_KI270754v1	0.1017	40191	0.0000	1.9233	773	50	45	0.6126	0	1.52
chrUn_KI270755v1	0.0156	36723	0.0000	0.4357	160	11	3	0.5612	0	0.29
chrUn_KI270756v1	0.0017	79590	0.0000	0.0427	34	4	0	0.4412	0	0.08
chrUn_KI270757v1	0.0000	71251	0.0000	0.0000	0	0	0	0.0000	0	0.00
chrUn_GL000214v1	0.5679	137718	0.0000	3.6146	4978	682	1154	0.6013	0	12.49
chrUn_KI270742v1	2.0922	186739	0.0000	5.8906	11000	1679	7352	0.6338	0	64.92
chrUn_GL000216v2	0.0061	176608	0.0000	0.3930	694	14	11	0.4912	0	0.10
chrUn_GL000218v1	0.3215	161147	0.0000	2.6963	4345	705	515	0.6070	0	5.96
chrEBV	55.1180	171823	0.0000	77.5513	133251	76721	143777	0.6845	5	1155.50
