#ID	Avg_fold	Length	Ref_GC	Covered_percent	Covered_bases	Plus_reads	Minus_reads	Read_GC	Median_fold	Std_Dev
chr1	0.6316	248956422	0.0000	13.3131	33143857	1220793	1299242	0.4655	0	49.44
chr2	0.3211	242193529	0.0000	12.0636	29217207	651939	598209	0.4400	0	6.07
chr3	0.3472	198295559	0.0000	12.0836	23961287	550345	546931	0.4442	0	13.88
chr4	0.2182	190214555	0.0000	9.0351	17186065	320049	345818	0.4262	0	3.21
chr5	0.3770	181538259	0.0000	11.9289	21655606	595580	504364	0.4401	0	7.50
chr6	0.4544	170805979	0.0000	11.0074	18801295	737728	502983	0.4697	0	45.98
chr7	0.4269	159345973	0.0000	13.7700	21941911	549664	539027	0.4511	0	4.37
chr8	0.3009	145138636	0.0000	10.4528	15171086	316569	380881	0.4405	0	19.90
chr9	0.2664	138394717	0.0000	10.4427	14452172	312448	283288	0.4583	0	7.14
chr10	0.3387	133797422	0.0000	13.5180	18086714	382643	338656	0.4377	0	2.82
chr11	0.3754	135086622	0.0000	10.9097	14737592	429547	384657	0.4601	0	12.34
chr12	0.5857	133275309	0.0000	13.9715	18620585	829263	477587	0.4718	0	58.95
chr13	0.1980	114364328	0.0000	7.4757	8549565	167683	194450	0.4282	0	9.22
chr14	0.4561	107043718	0.0000	12.4769	13355742	429893	346782	0.4676	0	31.28
chr15	0.3884	101991189	0.0000	12.1041	12345138	327917	303799	0.4465	0	12.41
chr16	0.5310	90338345	0.0000	15.4879	13991500	400487	368497	0.4849	0	10.59
chr17	1.0164	83257441	0.0000	20.1883	16808240	666697	685471	0.4749	0	42.28
chr18	0.2342	80373285	0.0000	9.0349	7261681	164276	135250	0.4341	0	2.50
chr19	0.6917	58617616	0.0000	20.5441	12042441	360890	297021	0.5074	0	7.44
chr20	0.5704	64444167	0.0000	15.0168	9677427	283726	319226	0.4587	0	15.39
chr21	15.6314	46709983	0.0000	11.3230	5288990	11465182	103995	0.5456	0	717.69
chr22	0.3608	50818468	0.0000	13.4909	6855862	154684	141293	0.4834	0	4.23
chrX	0.1365	156040895	0.0000	6.0544	9447383	189550	160366	0.4535	0	5.76
chrY	0.0135	57227415	0.0000	0.5105	292127	9790	5375	0.4402	0	3.36
chrM	3562.5276	16569	0.0000	100.0000	16569	560890	367393	0.4289	2831	2761.49
chr1_KI270706v1_random	0.9063	175055	0.0000	38.2131	66894	2184	376	0.4175	0	2.89
chr1_KI270707v1_random	0.4179	32032	0.0000	24.9563	7994	50	177	0.4108	0	1.00
chr1_KI270708v1_random	0.2184	127682	0.0000	7.0762	9035	453	32	0.4253	0	1.92
chr1_KI270709v1_random	0.0421	66860	0.0000	3.8229	2556	10	40	0.3769	0	0.23
chr1_KI270710v1_random	0.0192	40176	0.0000	1.8618	748	6	8	0.3764	0	0.14
chr1_KI270711v1_random	3.0512	42210	0.0000	78.4482	33113	58	1966	0.4287	2	3.38
chr1_KI270712v1_random	0.3620	176043	0.0000	19.9162	35061	384	641	0.4392	0	1.00
chr1_KI270713v1_random	58.7904	40745	0.0000	45.3381	18473	2507	35028	0.5185	0	696.44
chr1_KI270714v1_random	0.7593	41717	0.0000	26.9626	11248	282	248	0.5183	0	3.67
chr2_KI270715v1_random	0.0317	161471	0.0000	2.7144	4383	0	78	0.3924	0	0.21
chr2_KI270716v1_random	0.0317	153799	0.0000	2.5559	3931	1	77	0.3831	0	0.21
chr3_GL000221v1_random	1.3542	155397	0.0000	35.7774	55597	602	2803	0.4410	0	6.96
chr4_GL000008v2_random	0.6418	209709	0.0000	25.9979	54520	1975	207	0.4175	0	2.44
chr5_GL000208v1_random	0.0549	92689	0.0000	3.8656	3583	34	60	0.4183	0	0.34
chr9_KI270717v1_random	0.1959	40062	0.0000	14.9194	5977	105	13	0.3982	0	0.54
chr9_KI270718v1_random	2.6167	38054	0.0000	64.2981	24468	310	1382	0.4625	1	17.47
chr9_KI270719v1_random	0.4197	176845	0.0000	18.9844	33573	463	808	0.4051	0	1.72
chr9_KI270720v1_random	0.4786	39050	0.0000	25.3060	9882	96	216	0.3654	0	1.04
chr11_KI270721v1_random	0.2169	100316	0.0000	12.5284	12568	333	16	0.5854	0	0.77
chr14_GL000009v2_random	1.7009	201709	0.0000	43.2365	87212	401	5049	0.4248	0	6.05
chr14_GL000225v1_random	0.0448	211173	0.0000	2.6585	5614	133	43	0.3933	0	0.47
chr14_KI270722v1_random	0.1688	194050	0.0000	5.8150	11284	541	34	0.4351	0	1.45
chr14_GL000194v1_random	1.9908	191469	0.0000	37.3152	71447	304	5814	0.4794	0	11.33
chr14_KI270723v1_random	0.1410	38115	0.0000	8.6790	3308	74	21	0.4258	0	0.68
chr14_KI270724v1_random	0.1715	39555	0.0000	7.7133	3051	30	96	0.4472	0	1.00
chr14_KI270725v1_random	0.0815	172810	0.0000	5.1097	8830	149	79	0.4359	0	0.60
chr14_KI270726v1_random	0.0127	43739	0.0000	1.2483	546	4	5	0.4213	0	0.11
chr15_KI270727v1_random	0.0361	448248	0.0000	2.0756	9304	88	205	0.4468	0	0.39
chr16_KI270728v1_random	0.1358	1872759	0.0000	3.3414	62577	2518	1919	0.4646	0	5.09
chr17_GL000205v2_random	1.3182	185591	0.0000	26.5153	49210	1588	2348	0.4657	0	8.53
chr17_KI270729v1_random	0.0302	280839	0.0000	1.9460	5465	57	87	0.3830	0	0.28
chr17_KI270730v1_random	0.0025	112551	0.0000	0.2550	287	4	1	0.3527	0	0.05
chr22_KI270731v1_random	0.1798	150754	0.0000	11.3310	17082	368	78	0.4625	0	0.61
chr22_KI270732v1_random	0.0557	41543	0.0000	4.6530	1933	21	19	0.3944	0	0.27
chr22_KI270733v1_random	2107.9884	179772	0.0000	56.6557	101851	5963850	841	0.5483	1	8194.63
chr22_KI270734v1_random	0.2456	165050	0.0000	11.7673	19422	218	447	0.5232	0	2.18
chr22_KI270735v1_random	0.0183	42811	0.0000	1.5393	659	3	10	0.4015	0	0.15
chr22_KI270736v1_random	0.0015	181920	0.0000	0.1523	277	3	3	0.4580	0	0.04
chr22_KI270737v1_random	0.0264	103838	0.0000	2.0676	2147	31	21	0.3592	0	0.20
chr22_KI270738v1_random	0.0622	99375	0.0000	4.1771	4151	99	4	0.3809	0	0.36
chr22_KI270739v1_random	0.0614	73985	0.0000	1.1232	831	38	41	0.4543	0	1.02
chrY_KI270740v1_random	0.0000	37240	0.0000	0.0000	0	0	0	0.0000	0	0.00
chrUn_KI270302v1	0.0000	2274	0.0000	0.0000	0	0	0	0.0000	0	0.00
chrUn_KI270304v1	0.1774	2165	0.0000	15.2425	330	5	1	0.3776	0	0.44
chrUn_KI270303v1	0.1313	1942	0.0000	10.5046	204	4	0	0.4078	0	0.41
chrUn_KI270305v1	0.0000	1472	0.0000	0.0000	0	0	0	0.0000	0	0.00
chrUn_KI270322v1	0.0020	21476	0.0000	0.2049	44	0	1	0.4444	0	0.05
chrUn_KI270320v1	0.0000	4416	0.0000	0.0000	0	0	0	0.0000	0	0.00
chrUn_KI270310v1	0.2298	1201	0.0000	16.2365	195	2	2	0.4194	0	0.56
chrUn_KI270316v1	0.0000	1444	0.0000	0.0000	0	0	0	0.0000	0	0.00
chrUn_KI270315v1	0.0000	2276	0.0000	0.0000	0	0	0	0.0000	0	0.00
chrUn_KI270312v1	0.0000	998	0.0000	0.0000	0	0	0	0.0000	0	0.00
chrUn_KI270311v1	0.0000	12399	0.0000	0.0000	0	0	0	0.0000	0	0.00
chrUn_KI270317v1	0.0016	37690	0.0000	0.1592	60	1	0	0.4333	0	0.04
chrUn_KI270412v1	0.0000	1179	0.0000	0.0000	0	0	0	0.0000	0	0.00
chrUn_KI270411v1	0.0000	2646	0.0000	0.0000	0	0	0	0.0000	0	0.00
chrUn_KI270414v1	0.0000	2489	0.0000	0.0000	0	0	0	0.0000	0	0.00
chrUn_KI270419v1	0.0709	1029	0.0000	7.0943	73	1	0	0.4000	0	0.26
chrUn_KI270418v1	0.6793	2145	0.0000	22.2844	478	15	9	0.4169	0	1.86
chrUn_KI270420v1	0.0323	2321	0.0000	3.2314	75	0	1	0.4133	0	0.18
chrUn_KI270424v1	0.0000	2140	0.0000	0.0000	0	0	0	0.0000	0	0.00
chrUn_KI270417v1	0.0000	2043	0.0000	0.0000	0	0	0	0.0000	0	0.00
chrUn_KI270422v1	3.6865	1445	0.0000	43.9446	635	21	61	0.3924	0	8.25
chrUn_KI270423v1	0.0000	981	0.0000	0.0000	0	0	0	0.0000	0	0.00
chrUn_KI270425v1	0.0000	1884	0.0000	0.0000	0	0	0	0.0000	0	0.00
chrUn_KI270429v1	0.0000	1361	0.0000	0.0000	0	0	0	0.0000	0	0.00
chrUn_KI270442v1	0.5659	392061	0.0000	2.9597	11604	183	6126	0.4399	0	18.47
chrUn_KI270466v1	0.1095	1233	0.0000	10.9489	135	1	1	0.2593	0	0.31
chrUn_KI270465v1	0.0000	1774	0.0000	0.0000	0	0	0	0.0000	0	0.00
chrUn_KI270467v1	0.0383	3920	0.0000	3.4184	134	0	3	0.2614	0	0.21
chrUn_KI270435v1	0.0253	92983	0.0000	2.0498	1906	28	13	0.3816	0	0.19
chrUn_KI270438v1	0.0512	112505	0.0000	2.6230	2951	78	15	0.3863	0	0.36
chrUn_KI270468v1	0.0555	4055	0.0000	3.6991	150	0	3	0.4133	0	0.30
chrUn_KI270510v1	0.0000	2415	0.0000	0.0000	0	0	0	0.0000	0	0.00
chrUn_KI270509v1	0.0000	2318	0.0000	0.0000	0	0	0	0.0000	0	0.00
chrUn_KI270518v1	0.0000	2186	0.0000	0.0000	0	0	0	0.0000	0	0.00
chrUn_KI270508v1	0.0938	1951	0.0000	7.1246	139	3	1	0.5000	0	0.36
chrUn_KI270516v1	0.0000	1300	0.0000	0.0000	0	0	0	0.0000	0	0.00
chrUn_KI270512v1	0.0437	22689	0.0000	3.3276	755	5	12	0.4507	0	0.26
chrUn_KI270519v1	0.0139	138126	0.0000	1.0201	1409	12	22	0.4367	0	0.18
chrUn_KI270522v1	0.0187	5674	0.0000	1.0927	62	2	0	0.3962	0	0.18
chrUn_KI270511v1	0.0000	8127	0.0000	0.0000	0	0	0	0.0000	0	0.00
chrUn_KI270515v1	0.0118	6361	0.0000	1.1791	75	0	1	0.3467	0	0.11
chrUn_KI270507v1	0.0000	5353	0.0000	0.0000	0	0	0	0.0000	0	0.00
chrUn_KI270517v1	0.0000	3253	0.0000	0.0000	0	0	0	0.0000	0	0.00
chrUn_KI270529v1	0.0000	1899	0.0000	0.0000	0	0	0	0.0000	0	0.00
chrUn_KI270528v1	0.0000	2983	0.0000	0.0000	0	0	0	0.0000	0	0.00
chrUn_KI270530v1	0.0000	2168	0.0000	0.0000	0	0	0	0.0000	0	0.00
chrUn_KI270539v1	0.0000	993	0.0000	0.0000	0	0	0	0.0000	0	0.00
chrUn_KI270538v1	0.0126	91309	0.0000	0.7644	698	12	8	0.4640	0	0.19
chrUn_KI270544v1	0.3478	1202	0.0000	28.3694	341	4	2	0.4056	0	0.60
chrUn_KI270548v1	0.0000	1599	0.0000	0.0000	0	0	0	0.0000	0	0.00
chrUn_KI270583v1	0.0457	1400	0.0000	2.2857	32	2	0	0.3125	0	0.30
chrUn_KI270587v1	0.0000	2969	0.0000	0.0000	0	0	0	0.0000	0	0.00
chrUn_KI270580v1	0.1732	1553	0.0000	13.5866	211	3	1	0.3866	0	0.47
chrUn_KI270581v1	0.5390	7046	0.0000	9.7360	686	19	41	0.5135	0	2.87
chrUn_KI270579v1	0.0142	31033	0.0000	1.1665	362	8	0	0.3406	0	0.14
chrUn_KI270589v1	0.0046	44474	0.0000	0.3530	157	0	4	0.3529	0	0.08
chrUn_KI270590v1	0.0000	4685	0.0000	0.0000	0	0	0	0.0000	0	0.00
chrUn_KI270584v1	0.0443	4513	0.0000	3.1243	141	4	0	0.3564	0	0.26
chrUn_KI270582v1	0.5617	6504	0.0000	13.3918	871	48	11	0.5204	0	2.75
chrUn_KI270588v1	0.0122	6158	0.0000	1.2179	75	1	0	0.3600	0	0.11
chrUn_KI270593v1	0.0000	3041	0.0000	0.0000	0	0	0	0.0000	0	0.00
chrUn_KI270591v1	0.0176	5796	0.0000	1.7598	102	1	1	0.3824	0	0.13
chrUn_KI270330v1	0.6525	1652	0.0000	44.1889	730	3	15	0.4724	0	0.91
chrUn_KI270329v1	0.0000	1040	0.0000	0.0000	0	0	0	0.0000	0	0.00
chrUn_KI270334v1	0.0000	1368	0.0000	0.0000	0	0	0	0.0000	0	0.00
chrUn_KI270333v1	0.0000	2699	0.0000	0.0000	0	0	0	0.0000	0	0.00
chrUn_KI270335v1	0.0000	1048	0.0000	0.0000	0	0	0	0.0000	0	0.00
chrUn_KI270338v1	0.0000	1428	0.0000	0.0000	0	0	0	0.0000	0	0.00
chrUn_KI270340v1	0.0000	1428	0.0000	0.0000	0	0	0	0.0000	0	0.00
chrUn_KI270336v1	0.1754	1026	0.0000	17.5439	180	0	3	0.2500	0	0.38
chrUn_KI270337v1	0.0000	1121	0.0000	0.0000	0	0	0	0.0000	0	0.00
chrUn_KI270363v1	0.1204	1803	0.0000	12.0355	217	3	1	0.3956	0	0.33
chrUn_KI270364v1	0.0000	2855	0.0000	0.0000	0	0	0	0.0000	0	0.00
chrUn_KI270362v1	0.0000	3530	0.0000	0.0000	0	0	0	0.0000	0	0.00
chrUn_KI270366v1	0.0000	8320	0.0000	0.0000	0	0	0	0.0000	0	0.00
chrUn_KI270378v1	0.0000	1048	0.0000	0.0000	0	0	0	0.0000	0	0.00
chrUn_KI270379v1	0.0718	1045	0.0000	7.1770	75	0	1	0.4400	0	0.26
chrUn_KI270389v1	0.0000	1298	0.0000	0.0000	0	0	0	0.0000	0	0.00
chrUn_KI270390v1	0.0000	2387	0.0000	0.0000	0	0	0	0.0000	0	0.00
chrUn_KI270387v1	0.0000	1537	0.0000	0.0000	0	0	0	0.0000	0	0.00
chrUn_KI270395v1	0.2415	1143	0.0000	22.1347	253	5	0	0.3696	0	0.47
chrUn_KI270396v1	0.0303	1880	0.0000	3.0319	57	1	0	0.4035	0	0.17
chrUn_KI270388v1	0.0000	1216	0.0000	0.0000	0	0	0	0.0000	0	0.00
chrUn_KI270394v1	0.0000	970	0.0000	0.0000	0	0	0	0.0000	0	0.00
chrUn_KI270386v1	0.0570	1788	0.0000	4.4743	80	2	0	0.3627	0	0.28
chrUn_KI270391v1	0.0505	1484	0.0000	5.0539	75	1	0	0.3333	0	0.22
chrUn_KI270383v1	0.0000	1750	0.0000	0.0000	0	0	0	0.0000	0	0.00
chrUn_KI270393v1	0.2156	1308	0.0000	21.5596	282	4	0	0.3617	0	0.41
chrUn_KI270384v1	0.0344	1658	0.0000	3.4379	57	1	0	0.3158	0	0.18
chrUn_KI270392v1	0.0000	971	0.0000	0.0000	0	0	0	0.0000	0	0.00
chrUn_KI270381v1	0.0000	1930	0.0000	0.0000	0	0	0	0.0000	0	0.00
chrUn_KI270385v1	0.0000	990	0.0000	0.0000	0	0	0	0.0000	0	0.00
chrUn_KI270382v1	0.0000	4215	0.0000	0.0000	0	0	0	0.0000	0	0.00
chrUn_KI270376v1	0.0000	1136	0.0000	0.0000	0	0	0	0.0000	0	0.00
chrUn_KI270374v1	0.0000	2656	0.0000	0.0000	0	0	0	0.0000	0	0.00
chrUn_KI270372v1	0.0000	1650	0.0000	0.0000	0	0	0	0.0000	0	0.00
chrUn_KI270373v1	0.0930	1451	0.0000	9.3039	135	2	0	0.4370	0	0.29
chrUn_KI270375v1	0.0000	2378	0.0000	0.0000	0	0	0	0.0000	0	0.00
chrUn_KI270371v1	0.0000	2805	0.0000	0.0000	0	0	0	0.0000	0	0.00
chrUn_KI270448v1	0.0000	7992	0.0000	0.0000	0	0	0	0.0000	0	0.00
chrUn_KI270521v1	0.3320	7642	0.0000	4.3052	329	30	9	0.5487	0	2.40
chrUn_GL000195v1	1.3973	182896	0.0000	38.4049	70241	2335	1722	0.4453	0	4.50
chrUn_GL000219v1	0.6403	179198	0.0000	23.3747	41887	649	1264	0.4123	0	2.73
chrUn_GL000220v1	2293.3830	161802	0.0000	61.7872	99973	5847215	786	0.5489	1	8527.29
chrUn_GL000224v1	1.0158	179693	0.0000	30.6523	55080	2545	321	0.4512	0	2.31
chrUn_KI270741v1	0.7842	157432	0.0000	25.1499	39594	1878	52	0.4467	0	1.94
chrUn_GL000226v1	0.0000	15008	0.0000	0.0000	0	0	0	0.0000	0	0.00
chrUn_GL000213v1	0.0717	164239	0.0000	5.4153	8894	74	138	0.4501	0	0.39
chrUn_KI270743v1	0.7599	210658	0.0000	29.6932	62551	1760	881	0.4457	0	2.65
chrUn_KI270744v1	1.9277	168472	0.0000	42.1310	70979	2059	3103	0.4552	0	8.21
chrUn_KI270745v1	0.9508	41891	0.0000	45.8953	19226	618	19	0.4451	0	1.48
chrUn_KI270746v1	0.3991	66486	0.0000	23.0109	15299	42	408	0.3473	0	0.93
chrUn_KI270747v1	0.0349	198735	0.0000	2.5386	5045	56	55	0.3798	0	0.24
chrUn_KI270748v1	0.9912	93321	0.0000	19.5465	18241	575	882	0.4748	0	5.33
chrUn_KI270749v1	0.0649	158759	0.0000	3.9991	6349	120	49	0.4269	0	0.42
chrUn_KI270750v1	0.0198	148850	0.0000	1.4323	2132	39	14	0.3678	0	0.18
chrUn_KI270751v1	1.2407	150742	0.0000	26.9042	40556	344	2718	0.4578	0	6.39
chrUn_KI270752v1	0.0077	27745	0.0000	0.7749	215	6	1	0.5022	0	0.09
chrUn_KI270753v1	0.0035	62944	0.0000	0.2733	172	3	1	0.5478	0	0.07
chrUn_KI270754v1	0.0000	40191	0.0000	0.0000	0	0	0	0.0000	0	0.00
chrUn_KI270755v1	0.0102	36723	0.0000	1.0212	375	6	1	0.4606	0	0.10
chrUn_KI270756v1	0.0013	79590	0.0000	0.1344	107	2	1	0.3832	0	0.04
chrUn_KI270757v1	0.0107	71251	0.0000	0.9488	676	10	3	0.3599	0	0.12
chrUn_GL000214v1	2.0387	137718	0.0000	44.3355	61058	3374	1129	0.4556	0	8.63
chrUn_KI270742v1	1.3114	186739	0.0000	40.9930	76550	829	3101	0.4338	0	6.08
chrUn_GL000216v2	0.0844	176608	0.0000	4.0021	7068	51	209	0.3905	0	0.61
chrUn_GL000218v1	1.6475	161147	0.0000	31.0747	50076	207	4121	0.4605	0	8.77
chrEBV	0.0000	171823	0.0000	0.0000	0	0	0	0.0000	0	0.00
