#ID	Avg_fold	Length	Ref_GC	Covered_percent	Covered_bases	Plus_reads	Minus_reads	Read_GC	Median_fold	Std_Dev
chr1	1.4504	248956422	0.0000	21.4768	53467990	1914761	2246981	0.4431	0	107.77
chr2	0.8477	242193529	0.0000	21.2436	51450737	1225065	1111245	0.3961	0	9.18
chr3	0.8958	198295559	0.0000	21.5673	42767060	981977	1028397	0.3989	0	8.99
chr4	0.5936	190214555	0.0000	16.9749	32288769	600050	673274	0.3851	0	3.48
chr5	0.8343	181538259	0.0000	19.5736	35533554	946772	769260	0.3958	0	6.33
chr6	0.9694	170805979	0.0000	19.7658	33761166	1141957	756938	0.4209	0	51.61
chr7	1.0348	159345973	0.0000	22.1262	35257240	890885	977406	0.4076	0	5.58
chr8	0.9196	145138636	0.0000	18.3577	26644130	657178	852511	0.4051	0	56.19
chr9	0.6797	138394717	0.0000	18.2646	25277176	560826	513376	0.4164	0	10.87
chr10	0.9934	133797422	0.0000	23.0056	30780860	805428	689817	0.3998	0	5.56
chr11	0.8874	135086622	0.0000	17.9979	24312805	723395	649826	0.4192	0	51.86
chr12	1.2496	133275309	0.0000	23.7222	31615800	1036478	890844	0.4113	0	60.34
chr13	0.5175	114364328	0.0000	13.7329	15705583	311954	355224	0.3869	0	6.88
chr14	1.0979	107043718	0.0000	21.4827	22995864	744264	605251	0.4223	0	58.06
chr15	1.0288	101991189	0.0000	20.9697	21387264	676730	526907	0.4076	0	65.00
chr16	1.1927	90338345	0.0000	22.8417	20634833	621185	619389	0.4437	0	8.30
chr17	2.7736	83257441	0.0000	29.0639	24197839	1490716	1160554	0.4378	0	130.39
chr18	0.6699	80373285	0.0000	15.6196	12553963	331052	275078	0.3945	0	7.46
chr19	1.2128	58617616	0.0000	27.5534	16151159	477413	356814	0.4739	0	9.12
chr20	1.3101	64444167	0.0000	22.9445	14786384	510025	468413	0.4237	0	13.27
chr21	42.2424	46709983	0.0000	18.5880	8682430	22348689	204963	0.5386	0	1052.43
chr22	0.8363	50818468	0.0000	21.4403	10895634	236288	256041	0.4533	0	9.41
chrX	0.3272	156040895	0.0000	11.9541	18653316	321678	278113	0.4082	0	7.29
chrY	0.0173	57227415	0.0000	0.6313	361303	10432	5646	0.4113	0	3.21
chrM	853.3939	16569	0.0000	99.7827	16533	138804	21098	0.4256	326	1849.75
chr1_KI270706v1_random	1.7609	175055	0.0000	47.4765	83110	3013	602	0.4001	0	3.62
chr1_KI270707v1_random	0.9859	32032	0.0000	30.6038	9803	63	325	0.3845	0	2.55
chr1_KI270708v1_random	0.1671	127682	0.0000	6.4614	8250	255	40	0.3950	0	0.96
chr1_KI270709v1_random	0.1066	66860	0.0000	6.7754	4530	15	65	0.3551	0	0.46
chr1_KI270710v1_random	0.0405	40176	0.0000	2.8450	1143	2	18	0.3683	0	0.27
chr1_KI270711v1_random	11.2113	42210	0.0000	90.1682	38060	52	5234	0.4274	7	13.72
chr1_KI270712v1_random	0.6915	176043	0.0000	25.6346	45128	491	922	0.4207	0	2.00
chr1_KI270713v1_random	127.1504	40745	0.0000	43.8361	17861	645	62172	0.5281	0	1895.86
chr1_KI270714v1_random	0.8828	41717	0.0000	25.5316	10651	310	151	0.4235	0	2.82
chr2_KI270715v1_random	0.0967	161471	0.0000	5.9255	9568	5	168	0.3773	0	0.52
chr2_KI270716v1_random	0.0580	153799	0.0000	4.4188	6796	1	100	0.3911	0	0.30
chr3_GL000221v1_random	2.4164	155397	0.0000	51.9238	80688	851	3398	0.3859	1	4.73
chr4_GL000008v2_random	1.3762	209709	0.0000	35.1869	73790	2990	403	0.4055	0	3.10
chr5_GL000208v1_random	0.1494	92689	0.0000	7.4194	6877	43	119	0.3900	0	0.69
chr9_KI270717v1_random	0.5951	40062	0.0000	35.6298	14274	224	45	0.3841	0	1.08
chr9_KI270718v1_random	8.3229	38054	0.0000	86.4062	32881	360	3373	0.3919	5	12.66
chr9_KI270719v1_random	0.8463	176845	0.0000	25.4754	45052	367	1432	0.3431	0	2.44
chr9_KI270720v1_random	0.7555	39050	0.0000	28.7606	11231	150	205	0.3623	0	2.13
chr11_KI270721v1_random	0.4215	100316	0.0000	21.8280	21897	481	6	0.5763	0	1.11
chr14_GL000009v2_random	3.7576	201709	0.0000	55.5146	111978	650	7877	0.4044	1	6.52
chr14_GL000225v1_random	0.1017	211173	0.0000	4.5205	9546	240	41	0.3725	0	0.72
chr14_KI270722v1_random	0.1390	194050	0.0000	6.6179	12842	328	46	0.4044	0	0.81
chr14_GL000194v1_random	3.0104	191469	0.0000	44.0029	84252	121	6503	0.4327	0	6.65
chr14_KI270723v1_random	0.1313	38115	0.0000	7.2963	2781	61	3	0.4418	0	0.85
chr14_KI270724v1_random	0.1749	39555	0.0000	7.6274	3017	8	87	0.4797	0	1.01
chr14_KI270725v1_random	0.1210	172810	0.0000	6.6790	11542	177	65	0.3857	0	0.61
chr14_KI270726v1_random	0.0207	43739	0.0000	1.7604	770	4	7	0.4000	0	0.16
chr15_KI270727v1_random	0.0438	448248	0.0000	2.8426	12742	70	207	0.3773	0	0.37
chr16_KI270728v1_random	0.1077	1872759	0.0000	5.0209	94030	1650	958	0.4191	0	1.50
chr17_GL000205v2_random	1.6400	185591	0.0000	35.7630	66373	734	2768	0.4002	0	4.38
chr17_KI270729v1_random	0.0565	280839	0.0000	3.3439	9391	53	145	0.3582	0	0.37
chr17_KI270730v1_random	0.0028	112551	0.0000	0.2834	319	3	1	0.3448	0	0.05
chr22_KI270731v1_random	0.3079	150754	0.0000	13.6268	20543	513	73	0.4404	0	1.16
chr22_KI270732v1_random	0.1035	41543	0.0000	7.7149	3205	20	30	0.3486	0	0.41
chr22_KI270733v1_random	5996.7356	179772	0.0000	61.7182	110952	12240466	1157	0.5430	1	12060.85
chr22_KI270734v1_random	0.3961	165050	0.0000	18.3878	30349	249	550	0.4758	0	1.42
chr22_KI270735v1_random	0.0359	42811	0.0000	2.9385	1258	9	10	0.3831	0	0.22
chr22_KI270736v1_random	0.0016	181920	0.0000	0.1022	186	2	3	0.4437	0	0.05
chr22_KI270737v1_random	0.0572	103838	0.0000	3.0307	3147	35	45	0.3598	0	0.45
chr22_KI270738v1_random	0.1290	99375	0.0000	6.4060	6366	138	15	0.3458	0	0.68
chr22_KI270739v1_random	0.0331	73985	0.0000	1.6828	1245	27	7	0.3734	0	0.34
chrY_KI270740v1_random	0.0000	37240	0.0000	0.0000	0	0	0	0.0000	0	0.00
chrUn_KI270302v1	0.0000	2274	0.0000	0.0000	0	0	0	0.0000	0	0.00
chrUn_KI270304v1	0.2831	2165	0.0000	28.3141	613	5	3	0.3923	0	0.45
chrUn_KI270303v1	0.4150	1942	0.0000	20.7518	403	7	3	0.3998	0	1.05
chrUn_KI270305v1	0.0000	1472	0.0000	0.0000	0	0	0	0.0000	0	0.00
chrUn_KI270322v1	0.0018	21476	0.0000	0.1769	38	0	1	0.4359	0	0.04
chrUn_KI270320v1	0.0000	4416	0.0000	0.0000	0	0	0	0.0000	0	0.00
chrUn_KI270310v1	0.7802	1201	0.0000	46.5445	559	4	6	0.3836	0	0.96
chrUn_KI270316v1	0.1101	1444	0.0000	11.0111	159	1	1	0.4025	0	0.31
chrUn_KI270315v1	0.0000	2276	0.0000	0.0000	0	0	0	0.0000	0	0.00
chrUn_KI270312v1	0.0000	998	0.0000	0.0000	0	0	0	0.0000	0	0.00
chrUn_KI270311v1	0.0000	12399	0.0000	0.0000	0	0	0	0.0000	0	0.00
chrUn_KI270317v1	0.0121	37690	0.0000	1.0003	377	5	1	0.3939	0	0.13
chrUn_KI270412v1	0.0000	1179	0.0000	0.0000	0	0	0	0.0000	0	0.00
chrUn_KI270411v1	0.0378	2646	0.0000	3.7793	100	0	1	0.3800	0	0.19
chrUn_KI270414v1	0.0000	2489	0.0000	0.0000	0	0	0	0.0000	0	0.00
chrUn_KI270419v1	0.0000	1029	0.0000	0.0000	0	0	0	0.0000	0	0.00
chrUn_KI270418v1	1.7179	2145	0.0000	15.4779	332	5	34	0.4127	0	5.16
chrUn_KI270420v1	0.0000	2321	0.0000	0.0000	0	0	0	0.0000	0	0.00
chrUn_KI270424v1	0.0000	2140	0.0000	0.0000	0	0	0	0.0000	0	0.00
chrUn_KI270417v1	0.0000	2043	0.0000	0.0000	0	0	0	0.0000	0	0.00
chrUn_KI270422v1	6.7412	1445	0.0000	41.9377	606	12	95	0.3842	0	17.87
chrUn_KI270423v1	0.0000	981	0.0000	0.0000	0	0	0	0.0000	0	0.00
chrUn_KI270425v1	0.0000	1884	0.0000	0.0000	0	0	0	0.0000	0	0.00
chrUn_KI270429v1	0.0000	1361	0.0000	0.0000	0	0	0	0.0000	0	0.00
chrUn_KI270442v1	0.5923	392061	0.0000	3.5497	13917	172	6656	0.4364	0	20.23
chrUn_KI270466v1	0.5126	1233	0.0000	24.0065	296	0	7	0.2405	0	1.08
chrUn_KI270465v1	0.1691	1774	0.0000	12.2886	218	2	1	0.3767	0	0.48
chrUn_KI270467v1	0.7046	3920	0.0000	26.3776	1034	3	26	0.2406	0	1.54
chrUn_KI270435v1	0.0672	92983	0.0000	6.0775	5651	64	11	0.3783	0	0.28
chrUn_KI270438v1	0.0294	112505	0.0000	2.1359	2403	34	4	0.3773	0	0.22
chrUn_KI270468v1	0.0000	4055	0.0000	0.0000	0	0	0	0.0000	0	0.00
chrUn_KI270510v1	0.0414	2415	0.0000	4.1408	100	0	1	0.3500	0	0.20
chrUn_KI270509v1	0.0000	2318	0.0000	0.0000	0	0	0	0.0000	0	0.00
chrUn_KI270518v1	0.0000	2186	0.0000	0.0000	0	0	0	0.0000	0	0.00
chrUn_KI270508v1	0.0615	1951	0.0000	6.1507	120	1	1	0.3750	0	0.24
chrUn_KI270516v1	0.0000	1300	0.0000	0.0000	0	0	0	0.0000	0	0.00
chrUn_KI270512v1	0.0620	22689	0.0000	4.5396	1030	12	4	0.3807	0	0.36
chrUn_KI270519v1	0.0113	138126	0.0000	0.9556	1320	15	7	0.3925	0	0.12
chrUn_KI270522v1	0.0307	5674	0.0000	1.0398	59	3	0	0.3966	0	0.30
chrUn_KI270511v1	0.0000	8127	0.0000	0.0000	0	0	0	0.0000	0	0.00
chrUn_KI270515v1	0.0000	6361	0.0000	0.0000	0	0	0	0.0000	0	0.00
chrUn_KI270507v1	0.0000	5353	0.0000	0.0000	0	0	0	0.0000	0	0.00
chrUn_KI270517v1	0.0000	3253	0.0000	0.0000	0	0	0	0.0000	0	0.00
chrUn_KI270529v1	0.0295	1899	0.0000	2.9489	56	1	0	0.3750	0	0.17
chrUn_KI270528v1	0.0298	2983	0.0000	2.1120	63	0	3	0.4066	0	0.22
chrUn_KI270530v1	0.0000	2168	0.0000	0.0000	0	0	0	0.0000	0	0.00
chrUn_KI270539v1	0.0000	993	0.0000	0.0000	0	0	0	0.0000	0	0.00
chrUn_KI270538v1	0.0171	91309	0.0000	1.3186	1204	9	11	0.3987	0	0.17
chrUn_KI270544v1	0.9118	1202	0.0000	47.8369	575	5	7	0.3866	0	1.25
chrUn_KI270548v1	0.0625	1599	0.0000	6.2539	100	0	1	0.4400	0	0.24
chrUn_KI270583v1	0.3057	1400	0.0000	21.3571	299	1	4	0.3698	0	0.63
chrUn_KI270587v1	0.0000	2969	0.0000	0.0000	0	0	0	0.0000	0	0.00
chrUn_KI270580v1	0.1977	1553	0.0000	17.9008	278	4	1	0.3506	0	0.44
chrUn_KI270581v1	0.2295	7046	0.0000	15.7110	1107	1	17	0.4280	0	0.66
chrUn_KI270579v1	0.0664	31033	0.0000	6.1805	1918	25	2	0.3549	0	0.27
chrUn_KI270589v1	0.0199	44474	0.0000	1.7696	787	0	10	0.4004	0	0.16
chrUn_KI270590v1	0.0623	4685	0.0000	6.2327	292	3	0	0.3600	0	0.24
chrUn_KI270584v1	0.2362	4513	0.0000	17.6823	798	10	1	0.3623	0	0.58
chrUn_KI270582v1	0.3001	6504	0.0000	19.7571	1285	19	5	0.4558	0	0.91
chrUn_KI270588v1	0.0093	6158	0.0000	0.9256	57	0	1	0.3509	0	0.10
chrUn_KI270593v1	0.0000	3041	0.0000	0.0000	0	0	0	0.0000	0	0.00
chrUn_KI270591v1	0.0295	5796	0.0000	2.9503	171	0	2	0.3860	0	0.17
chrUn_KI270330v1	1.3384	1652	0.0000	54.4794	900	6	21	0.4552	1	1.56
chrUn_KI270329v1	0.0298	1040	0.0000	2.9808	31	1	0	0.4194	0	0.17
chrUn_KI270334v1	0.0000	1368	0.0000	0.0000	0	0	0	0.0000	0	0.00
chrUn_KI270333v1	0.0000	2699	0.0000	0.0000	0	0	0	0.0000	0	0.00
chrUn_KI270335v1	0.0000	1048	0.0000	0.0000	0	0	0	0.0000	0	0.00
chrUn_KI270338v1	0.1401	1428	0.0000	7.0028	100	0	2	0.4700	0	0.51
chrUn_KI270340v1	0.0700	1428	0.0000	7.0028	100	1	0	0.3800	0	0.26
chrUn_KI270336v1	0.0000	1026	0.0000	0.0000	0	0	0	0.0000	0	0.00
chrUn_KI270337v1	0.0000	1121	0.0000	0.0000	0	0	0	0.0000	0	0.00
chrUn_KI270363v1	0.0155	1803	0.0000	1.5530	28	1	0	0.4643	0	0.12
chrUn_KI270364v1	0.0000	2855	0.0000	0.0000	0	0	0	0.0000	0	0.00
chrUn_KI270362v1	0.0283	3530	0.0000	2.8329	100	0	1	0.3500	0	0.17
chrUn_KI270366v1	0.0000	8320	0.0000	0.0000	0	0	0	0.0000	0	0.00
chrUn_KI270378v1	0.0000	1048	0.0000	0.0000	0	0	0	0.0000	0	0.00
chrUn_KI270379v1	0.1560	1045	0.0000	13.5885	142	2	0	0.4024	0	0.41
chrUn_KI270389v1	0.0000	1298	0.0000	0.0000	0	0	0	0.0000	0	0.00
chrUn_KI270390v1	0.0222	2387	0.0000	2.2204	53	0	1	0.3396	0	0.15
chrUn_KI270387v1	0.0000	1537	0.0000	0.0000	0	0	0	0.0000	0	0.00
chrUn_KI270395v1	0.3351	1143	0.0000	22.8346	261	4	0	0.3838	0	0.66
chrUn_KI270396v1	0.2399	1880	0.0000	14.3617	270	5	0	0.3684	0	0.63
chrUn_KI270388v1	0.0000	1216	0.0000	0.0000	0	0	0	0.0000	0	0.00
chrUn_KI270394v1	0.0000	970	0.0000	0.0000	0	0	0	0.0000	0	0.00
chrUn_KI270386v1	0.0190	1788	0.0000	1.9016	34	1	0	0.4412	0	0.14
chrUn_KI270391v1	0.0000	1484	0.0000	0.0000	0	0	0	0.0000	0	0.00
chrUn_KI270383v1	0.1143	1750	0.0000	11.4286	200	2	0	0.4200	0	0.32
chrUn_KI270393v1	0.0765	1308	0.0000	7.6453	100	1	0	0.4000	0	0.27
chrUn_KI270384v1	0.3516	1658	0.0000	18.8179	312	6	0	0.3467	0	0.93
chrUn_KI270392v1	0.0000	971	0.0000	0.0000	0	0	0	0.0000	0	0.00
chrUn_KI270381v1	0.0000	1930	0.0000	0.0000	0	0	0	0.0000	0	0.00
chrUn_KI270385v1	0.0000	990	0.0000	0.0000	0	0	0	0.0000	0	0.00
chrUn_KI270382v1	0.0000	4215	0.0000	0.0000	0	0	0	0.0000	0	0.00
chrUn_KI270376v1	0.0000	1136	0.0000	0.0000	0	0	0	0.0000	0	0.00
chrUn_KI270374v1	0.0000	2656	0.0000	0.0000	0	0	0	0.0000	0	0.00
chrUn_KI270372v1	0.0000	1650	0.0000	0.0000	0	0	0	0.0000	0	0.00
chrUn_KI270373v1	0.1833	1451	0.0000	9.3728	136	1	2	0.3835	0	0.61
chrUn_KI270375v1	0.0000	2378	0.0000	0.0000	0	0	0	0.0000	0	0.00
chrUn_KI270371v1	0.0000	2805	0.0000	0.0000	0	0	0	0.0000	0	0.00
chrUn_KI270448v1	0.0312	7992	0.0000	3.1156	249	0	5	0.3855	0	0.17
chrUn_KI270521v1	0.1040	7642	0.0000	6.5559	501	5	6	0.4373	0	0.46
chrUn_GL000195v1	2.8303	182896	0.0000	49.7633	91015	3469	2379	0.3965	0	5.70
chrUn_GL000219v1	0.9968	179198	0.0000	34.7794	62324	725	1331	0.3781	0	2.27
chrUn_GL000220v1	6491.9673	161802	0.0000	66.5023	107602	11952267	1225	0.5441	2	12537.01
chrUn_GL000224v1	2.2841	179693	0.0000	41.2598	74141	4345	283	0.4501	0	4.65
chrUn_KI270741v1	1.7967	157432	0.0000	35.2247	55455	3101	56	0.4392	0	4.03
chrUn_GL000226v1	0.0000	15008	0.0000	0.0000	0	0	0	0.0000	0	0.00
chrUn_GL000213v1	0.1687	164239	0.0000	11.5575	18982	127	228	0.3973	0	0.54
chrUn_KI270743v1	1.3780	210658	0.0000	42.1422	88776	2447	930	0.4260	0	2.91
chrUn_KI270744v1	3.4895	168472	0.0000	55.3576	93262	3464	3250	0.4080	1	7.59
chrUn_KI270745v1	3.7986	41891	0.0000	72.7459	30474	1739	74	0.4529	2	5.39
chrUn_KI270746v1	1.2914	66486	0.0000	37.2409	24760	60	961	0.3449	0	3.05
chrUn_KI270747v1	0.0861	198735	0.0000	4.8301	9599	85	115	0.3771	0	0.51
chrUn_KI270748v1	1.7250	93321	0.0000	32.1192	29974	819	1059	0.4577	0	7.78
chrUn_KI270749v1	0.0637	158759	0.0000	4.2511	6749	80	45	0.3918	0	0.35
chrUn_KI270750v1	0.0421	148850	0.0000	3.6023	5362	30	48	0.3656	0	0.24
chrUn_KI270751v1	2.0660	150742	0.0000	39.4349	59445	548	3019	0.4026	0	4.99
chrUn_KI270752v1	0.0000	27745	0.0000	0.0000	0	0	0	0.0000	0	0.00
chrUn_KI270753v1	0.0175	62944	0.0000	1.5871	999	2	11	0.3791	0	0.14
chrUn_KI270754v1	0.0025	40191	0.0000	0.2488	100	0	1	0.4300	0	0.05
chrUn_KI270755v1	0.0896	36723	0.0000	7.3796	2710	31	5	0.4221	0	0.35
chrUn_KI270756v1	0.0003	79590	0.0000	0.0276	22	0	1	0.3200	0	0.02
chrUn_KI270757v1	0.0424	71251	0.0000	3.7515	2673	31	5	0.3733	0	0.23
chrUn_GL000214v1	3.2043	137718	0.0000	57.1349	78685	3786	1245	0.4072	1	7.15
chrUn_KI270742v1	2.6579	186739	0.0000	56.6282	105747	1172	4436	0.3816	1	4.79
chrUn_GL000216v2	0.1903	176608	0.0000	5.5400	9784	39	370	0.3629	0	1.56
chrUn_GL000218v1	2.5271	161147	0.0000	39.0569	62939	135	4607	0.4199	0	6.23
chrEBV	0.0000	171823	0.0000	0.0000	0	0	0	0.0000	0	0.00
