#ID	Avg_fold	Length	Ref_GC	Covered_percent	Covered_bases	Plus_reads	Minus_reads	Read_GC	Median_fold	Std_Dev
chr1	1.4012	248956422	0.0000	23.0165	57301041	2518885	2801370	0.4654	0	62.44
chr2	0.8301	242193529	0.0000	21.0293	50931531	1634060	1429336	0.4357	0	9.53
chr3	0.8742	198295559	0.0000	21.0855	41811563	1280725	1347888	0.4353	0	7.76
chr4	0.5589	190214555	0.0000	16.1103	30644110	787134	825755	0.4225	0	4.36
chr5	0.8310	181538259	0.0000	19.2410	34929703	1309787	982503	0.4372	0	10.63
chr6	0.9744	170805979	0.0000	19.3727	33089748	1390809	1147723	0.4533	0	24.05
chr7	1.1400	159345973	0.0000	22.7745	36290219	1379661	1385868	0.4529	0	5.66
chr8	0.8576	145138636	0.0000	18.2755	26524840	890215	997693	0.4456	0	50.59
chr9	0.7620	138394717	0.0000	19.5541	27061782	839307	768304	0.4622	0	7.56
chr10	0.9492	133797422	0.0000	23.1835	31018931	1039147	885811	0.4380	0	4.70
chr11	0.9438	135086622	0.0000	20.3310	27464519	1018551	928978	0.4686	0	26.42
chr12	1.1619	133275309	0.0000	23.3462	31114734	1271175	1097799	0.4525	0	58.72
chr13	0.4831	114364328	0.0000	13.4076	15333458	405494	431443	0.4192	0	5.94
chr14	1.0092	107043718	0.0000	21.5440	23061455	880006	766027	0.4543	0	22.84
chr15	0.9840	101991189	0.0000	21.8850	22320803	786550	736327	0.4444	0	8.28
chr16	1.6283	90338345	0.0000	26.3368	23792241	1140724	1110680	0.4948	0	8.72
chr17	2.4351	83257441	0.0000	34.5145	28735928	1450943	1645598	0.4778	0	55.93
chr18	0.6113	80373285	0.0000	16.1111	12949054	382079	361710	0.4302	0	3.25
chr19	2.0504	58617616	0.0000	36.8431	21596551	1038293	817987	0.5189	0	12.21
chr20	1.5177	64444167	0.0000	25.9369	16714847	763875	736282	0.4697	0	14.61
chr21	31.3505	46709983	0.0000	19.9496	9318436	22003993	340175	0.5613	0	1070.14
chr22	1.1402	50818468	0.0000	25.6749	13047585	445623	442541	0.4958	0	6.62
chrX	0.3311	156040895	0.0000	11.7377	18315659	436568	365606	0.4512	0	10.81
chrY	0.0277	57227415	0.0000	0.9778	559558	18358	10801	0.4410	0	6.27
chrM	1876.9849	16569	0.0000	99.9698	16564	244041	226051	0.4365	1505	1393.44
chr1_KI270706v1_random	2.2554	175055	0.0000	56.9324	99663	5051	1026	0.4349	1	4.50
chr1_KI270707v1_random	0.9975	32032	0.0000	37.8091	12111	82	420	0.4333	0	2.11
chr1_KI270708v1_random	0.3265	127682	0.0000	10.0069	12777	612	74	0.4214	0	1.91
chr1_KI270709v1_random	0.0837	66860	0.0000	6.4059	4283	21	65	0.3760	0	0.36
chr1_KI270710v1_random	0.0468	40176	0.0000	3.5444	1424	12	20	0.3793	0	0.27
chr1_KI270711v1_random	15.4867	42210	0.0000	94.4918	39885	74	9651	0.4368	11	15.49
chr1_KI270712v1_random	1.0724	176043	0.0000	29.5263	51979	980	1905	0.4664	0	3.04
chr1_KI270713v1_random	63.9238	40745	0.0000	62.3316	25397	3251	37480	0.5182	1	616.98
chr1_KI270714v1_random	1.7533	41717	0.0000	42.8674	17883	673	505	0.4708	0	4.73
chr2_KI270715v1_random	0.0578	161471	0.0000	4.1048	6628	0	136	0.3876	0	0.33
chr2_KI270716v1_random	0.0490	153799	0.0000	3.4142	5251	1	107	0.3873	0	0.32
chr3_GL000221v1_random	2.5356	155397	0.0000	52.7636	81993	1159	4811	0.4178	1	6.38
chr4_GL000008v2_random	1.7030	209709	0.0000	40.8337	85632	4924	536	0.4311	0	3.78
chr5_GL000208v1_random	0.1135	92689	0.0000	7.0278	6514	54	102	0.3998	0	0.49
chr9_KI270717v1_random	0.5263	40062	0.0000	29.8512	11959	283	32	0.4305	0	1.15
chr9_KI270718v1_random	6.0643	38054	0.0000	86.3773	32870	470	3074	0.4163	4	8.77
chr9_KI270719v1_random	1.0451	176845	0.0000	29.9664	52994	1008	1906	0.4156	0	2.99
chr9_KI270720v1_random	1.1751	39050	0.0000	41.8848	16356	262	468	0.3797	0	2.17
chr11_KI270721v1_random	1.3149	100316	0.0000	34.7203	34830	1972	32	0.5965	0	3.02
chr14_GL000009v2_random	3.2026	201709	0.0000	55.3951	111737	855	8830	0.4292	1	5.43
chr14_GL000225v1_random	0.1878	211173	0.0000	9.5666	20202	465	191	0.4261	0	1.26
chr14_KI270722v1_random	0.2433	194050	0.0000	9.2796	18007	678	99	0.4212	0	1.41
chr14_GL000194v1_random	3.9577	191469	0.0000	48.0245	91952	425	11100	0.5070	0	8.36
chr14_KI270723v1_random	0.5538	38115	0.0000	16.9671	6467	311	29	0.4480	0	3.93
chr14_KI270724v1_random	0.6462	39555	0.0000	15.5530	6152	24	393	0.4756	0	4.39
chr14_KI270725v1_random	0.1568	172810	0.0000	8.5470	14770	294	123	0.4077	0	0.68
chr14_KI270726v1_random	0.0279	43739	0.0000	1.7673	773	10	9	0.4071	0	0.23
chr15_KI270727v1_random	0.0503	448248	0.0000	3.1844	14274	102	301	0.4251	0	0.38
chr16_KI270728v1_random	0.1892	1872759	0.0000	7.0881	132743	3690	2198	0.4386	0	1.59
chr17_GL000205v2_random	4.8119	185591	0.0000	45.8670	85125	2208	11398	0.4330	0	12.00
chr17_KI270729v1_random	0.0351	280839	0.0000	2.4566	6899	59	97	0.3843	0	0.28
chr17_KI270730v1_random	0.0021	112551	0.0000	0.2088	235	5	0	0.4298	0	0.05
chr22_KI270731v1_random	0.5503	150754	0.0000	19.5298	29442	1112	213	0.4814	0	1.75
chr22_KI270732v1_random	0.1245	41543	0.0000	6.1166	2541	64	15	0.3690	0	0.72
chr22_KI270733v1_random	4120.1159	179772	0.0000	72.2348	129858	11251670	2757	0.5650	2	12120.41
chr22_KI270734v1_random	0.7280	165050	0.0000	24.7652	40875	848	1065	0.5261	0	2.33
chr22_KI270735v1_random	0.0751	42811	0.0000	2.7470	1176	7	41	0.3991	0	0.67
chr22_KI270736v1_random	0.0018	181920	0.0000	0.1435	261	4	3	0.4640	0	0.05
chr22_KI270737v1_random	0.0438	103838	0.0000	3.0085	3124	30	42	0.3581	0	0.28
chr22_KI270738v1_random	0.0765	99375	0.0000	4.6843	4655	110	8	0.3697	0	0.41
chr22_KI270739v1_random	0.1035	73985	0.0000	2.2356	1654	106	12	0.3763	0	1.71
chrY_KI270740v1_random	0.0007	37240	0.0000	0.0725	27	0	1	0.4815	0	0.03
chrUn_KI270302v1	0.0000	2274	0.0000	0.0000	0	0	0	0.0000	0	0.00
chrUn_KI270304v1	0.5949	2165	0.0000	40.6005	879	17	2	0.4101	0	0.80
chrUn_KI270303v1	0.4130	1942	0.0000	19.2070	373	11	1	0.3990	0	1.09
chrUn_KI270305v1	0.0510	1472	0.0000	5.0951	75	0	1	0.4267	0	0.22
chrUn_KI270322v1	0.0046	21476	0.0000	0.4563	98	0	2	0.4242	0	0.07
chrUn_KI270320v1	0.0000	4416	0.0000	0.0000	0	0	0	0.0000	0	0.00
chrUn_KI270310v1	1.0949	1201	0.0000	49.7086	597	14	5	0.3956	0	1.48
chrUn_KI270316v1	0.0000	1444	0.0000	0.0000	0	0	0	0.0000	0	0.00
chrUn_KI270315v1	0.0000	2276	0.0000	0.0000	0	0	0	0.0000	0	0.00
chrUn_KI270312v1	0.0000	998	0.0000	0.0000	0	0	0	0.0000	0	0.00
chrUn_KI270311v1	0.0060	12399	0.0000	0.6049	75	1	0	0.3867	0	0.08
chrUn_KI270317v1	0.0033	37690	0.0000	0.3317	125	2	0	0.4160	0	0.06
chrUn_KI270412v1	0.0000	1179	0.0000	0.0000	0	0	0	0.0000	0	0.00
chrUn_KI270411v1	0.0741	2646	0.0000	7.4074	196	3	0	0.3869	0	0.26
chrUn_KI270414v1	0.0000	2489	0.0000	0.0000	0	0	0	0.0000	0	0.00
chrUn_KI270419v1	0.0729	1029	0.0000	7.2886	75	0	1	0.4267	0	0.26
chrUn_KI270418v1	0.5767	2145	0.0000	16.3170	350	8	10	0.4203	0	2.02
chrUn_KI270420v1	0.0000	2321	0.0000	0.0000	0	0	0	0.0000	0	0.00
chrUn_KI270424v1	0.0000	2140	0.0000	0.0000	0	0	0	0.0000	0	0.00
chrUn_KI270417v1	0.0000	2043	0.0000	0.0000	0	0	0	0.0000	0	0.00
chrUn_KI270422v1	4.1903	1445	0.0000	43.0450	622	16	71	0.3897	0	10.00
chrUn_KI270423v1	0.0000	981	0.0000	0.0000	0	0	0	0.0000	0	0.00
chrUn_KI270425v1	0.0000	1884	0.0000	0.0000	0	0	0	0.0000	0	0.00
chrUn_KI270429v1	0.0000	1361	0.0000	0.0000	0	0	0	0.0000	0	0.00
chrUn_KI270442v1	0.8326	392061	0.0000	5.5973	21945	478	8199	0.4481	0	25.49
chrUn_KI270466v1	0.5726	1233	0.0000	32.0357	395	0	10	0.2433	0	1.11
chrUn_KI270465v1	0.0846	1774	0.0000	8.4555	150	1	1	0.3557	0	0.28
chrUn_KI270467v1	0.5439	3920	0.0000	26.1224	1024	2	28	0.2457	0	1.26
chrUn_KI270435v1	0.0457	92983	0.0000	3.5254	3278	38	31	0.3907	0	0.27
chrUn_KI270438v1	0.0194	112505	0.0000	1.5848	1783	27	7	0.3819	0	0.17
chrUn_KI270468v1	0.0000	4055	0.0000	0.0000	0	0	0	0.0000	0	0.00
chrUn_KI270510v1	0.0000	2415	0.0000	0.0000	0	0	0	0.0000	0	0.00
chrUn_KI270509v1	0.0000	2318	0.0000	0.0000	0	0	0	0.0000	0	0.00
chrUn_KI270518v1	0.0000	2186	0.0000	0.0000	0	0	0	0.0000	0	0.00
chrUn_KI270508v1	0.1917	1951	0.0000	10.0974	197	6	0	0.4125	0	0.62
chrUn_KI270516v1	0.0577	1300	0.0000	5.7692	75	0	1	0.3467	0	0.23
chrUn_KI270512v1	0.0846	22689	0.0000	5.6415	1280	15	16	0.4007	0	0.42
chrUn_KI270519v1	0.0187	138126	0.0000	1.3756	1900	27	16	0.4131	0	0.19
chrUn_KI270522v1	0.1221	5674	0.0000	1.6038	91	13	0	0.4006	0	1.15
chrUn_KI270511v1	0.0000	8127	0.0000	0.0000	0	0	0	0.0000	0	0.00
chrUn_KI270515v1	0.0234	6361	0.0000	2.3424	149	2	0	0.3333	0	0.15
chrUn_KI270507v1	0.0000	5353	0.0000	0.0000	0	0	0	0.0000	0	0.00
chrUn_KI270517v1	0.0141	3253	0.0000	1.4141	46	1	0	0.3000	0	0.12
chrUn_KI270529v1	0.0922	1899	0.0000	3.3175	63	3	1	0.3486	0	0.56
chrUn_KI270528v1	0.0104	2983	0.0000	1.0392	31	0	1	0.3939	0	0.10
chrUn_KI270530v1	0.0000	2168	0.0000	0.0000	0	0	0	0.0000	0	0.00
chrUn_KI270539v1	0.2195	993	0.0000	10.1712	101	3	1	0.7500	0	0.72
chrUn_KI270538v1	0.0222	91309	0.0000	1.4544	1328	22	12	0.4271	0	0.22
chrUn_KI270544v1	0.7829	1202	0.0000	29.4509	354	12	5	0.4170	0	1.83
chrUn_KI270548v1	0.0000	1599	0.0000	0.0000	0	0	0	0.0000	0	0.00
chrUn_KI270583v1	0.0000	1400	0.0000	0.0000	0	0	0	0.0000	0	0.00
chrUn_KI270587v1	0.0000	2969	0.0000	0.0000	0	0	0	0.0000	0	0.00
chrUn_KI270580v1	0.0818	1553	0.0000	8.1777	127	2	0	0.3622	0	0.27
chrUn_KI270581v1	0.2329	7046	0.0000	13.7951	972	11	16	0.4818	0	0.73
chrUn_KI270579v1	0.0197	31033	0.0000	1.5693	487	10	0	0.3307	0	0.16
chrUn_KI270589v1	0.0138	44474	0.0000	1.1220	499	2	7	0.3576	0	0.14
chrUn_KI270590v1	0.0480	4685	0.0000	4.8026	225	3	0	0.3511	0	0.21
chrUn_KI270584v1	0.0292	4513	0.0000	2.9249	132	2	0	0.3485	0	0.17
chrUn_KI270582v1	0.3272	6504	0.0000	17.2663	1123	19	13	0.4863	0	0.87
chrUn_KI270588v1	0.0000	6158	0.0000	0.0000	0	0	0	0.0000	0	0.00
chrUn_KI270593v1	0.0000	3041	0.0000	0.0000	0	0	0	0.0000	0	0.00
chrUn_KI270591v1	0.0185	5796	0.0000	1.8461	107	1	1	0.4299	0	0.13
chrUn_KI270330v1	3.3360	1652	0.0000	77.3608	1278	34	48	0.5166	2	6.12
chrUn_KI270329v1	0.0000	1040	0.0000	0.0000	0	0	0	0.0000	0	0.00
chrUn_KI270334v1	0.0548	1368	0.0000	5.4825	75	1	0	0.4133	0	0.23
chrUn_KI270333v1	0.0152	2699	0.0000	1.5191	41	0	1	0.2683	0	0.12
chrUn_KI270335v1	0.0000	1048	0.0000	0.0000	0	0	0	0.0000	0	0.00
chrUn_KI270338v1	0.0000	1428	0.0000	0.0000	0	0	0	0.0000	0	0.00
chrUn_KI270340v1	0.0525	1428	0.0000	5.2521	75	1	0	0.3867	0	0.22
chrUn_KI270336v1	0.0000	1026	0.0000	0.0000	0	0	0	0.0000	0	0.00
chrUn_KI270337v1	0.0000	1121	0.0000	0.0000	0	0	0	0.0000	0	0.00
chrUn_KI270363v1	0.2429	1803	0.0000	14.3095	258	1	6	0.3920	0	0.68
chrUn_KI270364v1	0.0000	2855	0.0000	0.0000	0	0	0	0.0000	0	0.00
chrUn_KI270362v1	0.0076	3530	0.0000	0.7649	27	0	1	0.4444	0	0.09
chrUn_KI270366v1	0.0000	8320	0.0000	0.0000	0	0	0	0.0000	0	0.00
chrUn_KI270378v1	0.0000	1048	0.0000	0.0000	0	0	0	0.0000	0	0.00
chrUn_KI270379v1	0.3751	1045	0.0000	24.4019	255	5	2	0.3975	0	0.82
chrUn_KI270389v1	0.0000	1298	0.0000	0.0000	0	0	0	0.0000	0	0.00
chrUn_KI270390v1	0.0000	2387	0.0000	0.0000	0	0	0	0.0000	0	0.00
chrUn_KI270387v1	0.0000	1537	0.0000	0.0000	0	0	0	0.0000	0	0.00
chrUn_KI270395v1	0.1312	1143	0.0000	8.5739	98	2	0	0.3933	0	0.45
chrUn_KI270396v1	0.0628	1880	0.0000	6.2766	118	2	0	0.3729	0	0.24
chrUn_KI270388v1	0.0000	1216	0.0000	0.0000	0	0	0	0.0000	0	0.00
chrUn_KI270394v1	0.0000	970	0.0000	0.0000	0	0	0	0.0000	0	0.00
chrUn_KI270386v1	0.0000	1788	0.0000	0.0000	0	0	0	0.0000	0	0.00
chrUn_KI270391v1	0.0000	1484	0.0000	0.0000	0	0	0	0.0000	0	0.00
chrUn_KI270383v1	0.0000	1750	0.0000	0.0000	0	0	0	0.0000	0	0.00
chrUn_KI270393v1	0.0000	1308	0.0000	0.0000	0	0	0	0.0000	0	0.00
chrUn_KI270384v1	0.0000	1658	0.0000	0.0000	0	0	0	0.0000	0	0.00
chrUn_KI270392v1	0.0000	971	0.0000	0.0000	0	0	0	0.0000	0	0.00
chrUn_KI270381v1	0.0000	1930	0.0000	0.0000	0	0	0	0.0000	0	0.00
chrUn_KI270385v1	0.0000	990	0.0000	0.0000	0	0	0	0.0000	0	0.00
chrUn_KI270382v1	0.0000	4215	0.0000	0.0000	0	0	0	0.0000	0	0.00
chrUn_KI270376v1	0.0000	1136	0.0000	0.0000	0	0	0	0.0000	0	0.00
chrUn_KI270374v1	0.0000	2656	0.0000	0.0000	0	0	0	0.0000	0	0.00
chrUn_KI270372v1	0.0000	1650	0.0000	0.0000	0	0	0	0.0000	0	0.00
chrUn_KI270373v1	0.1261	1451	0.0000	10.8890	158	2	1	0.4044	0	0.38
chrUn_KI270375v1	0.0000	2378	0.0000	0.0000	0	0	0	0.0000	0	0.00
chrUn_KI270371v1	0.0000	2805	0.0000	0.0000	0	0	0	0.0000	0	0.00
chrUn_KI270448v1	0.0684	7992	0.0000	4.9174	393	0	9	0.4351	0	0.34
chrUn_KI270521v1	0.0974	7642	0.0000	7.2625	555	5	6	0.5179	0	0.38
chrUn_GL000195v1	8.6558	182896	0.0000	60.5060	110663	13095	10671	0.4264	2	15.49
chrUn_GL000219v1	1.1502	179198	0.0000	36.0696	64636	1221	2032	0.4072	0	2.74
chrUn_GL000220v1	4492.1544	161802	0.0000	76.1406	123197	11069752	3037	0.5655	3	12612.43
chrUn_GL000224v1	3.9909	179693	0.0000	45.0168	80892	9521	1079	0.4566	0	8.14
chrUn_KI270741v1	3.3767	157432	0.0000	37.4682	58987	7738	92	0.4475	0	7.63
chrUn_GL000226v1	0.0000	15008	0.0000	0.0000	0	0	0	0.0000	0	0.00
chrUn_GL000213v1	0.1118	164239	0.0000	7.9591	13072	74	231	0.4440	0	0.46
chrUn_KI270743v1	1.9644	210658	0.0000	49.8343	104980	4521	1841	0.4544	0	3.85
chrUn_KI270744v1	5.1627	168472	0.0000	58.7154	98919	4620	8508	0.4498	1	11.95
chrUn_KI270745v1	3.0066	41891	0.0000	75.0806	31452	1893	17	0.4792	2	3.56
chrUn_KI270746v1	1.1217	66486	0.0000	37.9704	25245	198	974	0.3582	0	2.31
chrUn_KI270747v1	0.0786	198735	0.0000	3.8745	7700	111	125	0.3904	0	0.66
chrUn_KI270748v1	1.0262	93321	0.0000	29.5539	27580	662	787	0.4776	0	3.67
chrUn_KI270749v1	0.1135	158759	0.0000	6.0759	9646	198	83	0.4190	0	0.65
chrUn_KI270750v1	0.0340	148850	0.0000	2.5764	3835	55	39	0.4416	0	0.23
chrUn_KI270751v1	2.2406	150742	0.0000	38.5672	58137	590	4614	0.4404	0	8.49
chrUn_KI270752v1	0.0000	27745	0.0000	0.0000	0	0	0	0.0000	0	0.00
chrUn_KI270753v1	0.0258	62944	0.0000	2.1130	1330	5	23	0.4895	0	0.19
chrUn_KI270754v1	0.0061	40191	0.0000	0.6071	244	2	2	0.5680	0	0.08
chrUn_KI270755v1	0.0226	36723	0.0000	1.9824	728	13	1	0.4344	0	0.17
chrUn_KI270756v1	0.0007	79590	0.0000	0.0716	57	0	2	0.4211	0	0.03
chrUn_KI270757v1	0.0161	71251	0.0000	1.6112	1148	10	9	0.3867	0	0.13
chrUn_GL000214v1	4.5841	137718	0.0000	60.1693	82864	5676	3866	0.4520	1	11.77
chrUn_KI270742v1	2.6836	186739	0.0000	57.9183	108156	1760	5815	0.4142	1	5.87
chrUn_GL000216v2	0.2649	176608	0.0000	8.2652	14597	135	614	0.4026	0	1.85
chrUn_GL000218v1	3.1345	161147	0.0000	41.9009	67522	236	7478	0.4835	0	7.21
chrEBV	0.0000	171823	0.0000	0.0000	0	0	0	0.0000	0	0.00
