#ID	Avg_fold	Length	Ref_GC	Covered_percent	Covered_bases	Plus_reads	Minus_reads	Read_GC	Median_fold	Std_Dev
chr1	1.0226	195471971	0.0000	10.1357	19812485	963528	1303388	0.4636	0	127.38
chr10	0.7113	130694993	0.0000	10.6721	13947940	640771	388139	0.4574	0	64.72
chr11	3.4174	122082543	0.0000	16.7738	20477921	2974661	1528560	0.4777	0	237.89
chr12	0.8227	120129022	0.0000	9.8630	11848287	646380	467131	0.4684	0	90.52
chr13	1.4665	120421639	0.0000	10.6050	12770775	410614	1579107	0.5425	0	145.13
chr14	0.6079	124902244	0.0000	8.6323	10781927	284756	571391	0.4858	0	75.04
chr15	1.3177	104043685	0.0000	10.7534	11188276	1201663	319119	0.5273	0	123.99
chr16	3.5756	98207768	0.0000	10.5254	10336780	2043179	1808604	0.5533	0	207.15
chr17	7.1818	94987271	0.0000	13.1352	12476733	7011273	394539	0.5473	0	302.54
chr18	0.9723	90702639	0.0000	9.3566	8486677	697513	330602	0.4835	0	106.11
chr19	1.2428	61431566	0.0000	13.9263	8555123	396959	471271	0.4427	0	59.44
chr1_GL456210_random	2.0444	169725	0.0000	52.3618	88871	2771	1240	0.4438	1	4.39
chr1_GL456211_random	2.5545	241735	0.0000	59.8453	144667	3976	3014	0.4446	1	4.13
chr1_GL456212_random	2.4219	153618	0.0000	55.0528	84571	1285	2922	0.4450	1	4.67
chr1_GL456213_random	0.0584	39340	0.0000	4.7839	1882	2	24	0.4293	0	0.28
chr1_GL456221_random	2.5692	206961	0.0000	59.0266	122162	4175	1852	0.4442	1	4.74
chr2	1.4545	182113224	0.0000	12.8295	23364196	1731901	1254127	0.4999	0	111.79
chr3	1.0216	160039680	0.0000	9.3331	14936643	1406106	450491	0.4741	0	96.60
chr4	0.5856	156508116	0.0000	10.3119	16138910	605870	492004	0.4537	0	42.10
chr4_GL456216_random	1.2465	66673	0.0000	24.2662	16179	681	274	0.4240	0	4.59
chr4_GL456350_random	0.0108	227966	0.0000	0.6983	1592	18	11	0.4721	0	0.16
chr4_JH584292_random	0.0268	14945	0.0000	2.5895	387	0	4	0.4050	0	0.17
chr4_JH584293_random	0.0168	207968	0.0000	1.2593	2619	23	19	0.4826	0	0.17
chr4_JH584294_random	0.0112	191905	0.0000	1.0109	1940	16	10	0.4601	0	0.12
chr4_JH584295_random	1.4939	1976	0.0000	41.1437	813	0	33	0.5398	0	2.36
chr5	0.8764	151834684	0.0000	11.9179	18095548	828116	664064	0.4679	0	78.73
chr5_GL456354_random	0.0097	195993	0.0000	0.8021	1572	11	12	0.4322	0	0.12
chr5_JH584296_random	0.1133	199368	0.0000	1.6101	3210	21	223	0.4265	0	1.74
chr5_JH584297_random	0.0913	205776	0.0000	1.7679	3638	32	173	0.4272	0	1.25
chr5_JH584298_random	0.0157	184189	0.0000	0.6406	1180	5	26	0.4135	0	0.32
chr5_JH584299_random	0.0108	953012	0.0000	0.6535	6228	48	64	0.3964	0	0.21
chr6	1.7134	149736546	0.0000	9.7196	14553796	1531073	1334250	0.5110	0	159.63
chr7	0.5561	145441459	0.0000	10.9108	15868837	424225	494813	0.4647	0	30.64
chr7_GL456219_random	0.0125	175968	0.0000	0.8178	1439	9	17	0.3802	0	0.17
chr8	1.3188	129401213	0.0000	10.4663	13543501	1412150	477780	0.5122	0	109.23
chr9	2.3923	124595110	0.0000	11.6417	14505012	2029458	1242852	0.5156	0	140.80
chrM	4617.2147	16299	0.0000	100.0000	16299	639307	162750	0.3593	1879	9257.71
chrUn_GL456239	0.0472	40056	0.0000	2.2194	889	10	34	0.4662	0	0.77
chrUn_GL456359	0.4391	22974	0.0000	9.4672	2175	112	3	0.3671	0	1.85
chrUn_GL456360	0.0230	31704	0.0000	0.6056	192	0	8	0.3986	0	0.35
chrUn_GL456366	0.0601	47073	0.0000	3.4903	1643	23	9	0.4020	0	0.41
chrUn_GL456367	0.0065	42057	0.0000	0.6491	273	2	2	0.4176	0	0.08
chrUn_GL456368	0.0459	20208	0.0000	3.7114	750	1	9	0.3739	0	0.26
chrUn_GL456370	0.6312	26764	0.0000	9.2101	2465	151	60	0.4824	0	7.08
chrUn_GL456372	0.8671	28664	0.0000	32.2670	9249	140	159	0.4519	0	1.94
chrUn_GL456378	0.0531	31602	0.0000	2.3100	730	5	23	0.4421	0	0.46
chrUn_GL456379	0.0712	72385	0.0000	1.2240	886	58	6	0.4160	0	1.05
chrUn_GL456381	0.0000	25871	0.0000	0.0000	0	0	0	0.0000	0	0.00
chrUn_GL456382	5.9766	23158	0.0000	3.4243	793	1	1456	0.4670	0	48.80
chrUn_GL456383	0.0113	38659	0.0000	0.9235	357	3	10	0.4404	0	0.12
chrUn_GL456385	0.2121	35240	0.0000	12.9086	4549	9	77	0.3944	0	0.66
chrUn_GL456387	0.0000	24685	0.0000	0.0000	0	0	0	0.0000	0	0.00
chrUn_GL456389	0.2810	28772	0.0000	0.9002	259	1	243	0.4004	0	7.08
chrUn_GL456390	0.0102	24668	0.0000	0.8513	210	9	0	0.4348	0	0.12
chrUn_GL456392	0.0529	23629	0.0000	3.8173	902	26	7	0.4020	0	0.30
chrUn_GL456393	0.0069	55711	0.0000	0.5546	309	3	4	0.4677	0	0.10
chrUn_GL456394	0.0038	24323	0.0000	0.3782	92	1	1	0.4457	0	0.06
chrUn_GL456396	0.1464	21240	0.0000	1.6949	360	66	4	0.3541	0	2.19
chrUn_JH584304	5.9726	114452	0.0000	60.5092	69254	4701	3042	0.4679	1	25.46
chrX	0.2409	171031299	0.0000	5.0689	8669437	284829	254257	0.4336	0	34.27
chrX_GL456233_random	0.2400	336933	0.0000	15.5541	52407	640	293	0.3809	0	0.80
chrY	0.0247	91744698	0.0000	0.5572	511188	13703	11756	0.4358	0	0.83
chrY_JH584300_random	0.0005	182347	0.0000	0.0548	100	0	1	0.3200	0	0.02
chrY_JH584301_random	0.0036	259875	0.0000	0.3606	937	5	5	0.3774	0	0.06
chrY_JH584302_random	0.0025	155838	0.0000	0.2522	393	1	3	0.4300	0	0.05
chrY_JH584303_random	0.0018	158099	0.0000	0.1227	194	1	2	0.4100	0	0.05
