#ID	Avg_fold	Length	Ref_GC	Covered_percent	Covered_bases	Plus_reads	Minus_reads	Read_GC	Median_fold	Std_Dev
chr1	0.2822	248956422	0.0000	9.4102	23427254	694112	781612	0.4706	0	48.13
chr2	0.1769	242193529	0.0000	8.3438	20208050	469833	444330	0.4387	0	15.43
chr3	0.1717	198295559	0.0000	7.7951	15457374	443832	272638	0.4568	0	23.88
chr4	0.1083	190214555	0.0000	5.4524	10371271	277311	186434	0.4145	0	9.26
chr5	0.1878	181538259	0.0000	8.0933	14692523	431450	298045	0.4314	0	12.33
chr6	0.2077	170805979	0.0000	7.8261	13367476	453028	298694	0.4648	0	29.16
chr7	0.1703	159345973	0.0000	8.4996	13543697	334892	252670	0.4462	0	4.97
chr8	0.1753	145138636	0.0000	6.4690	9389060	234193	314512	0.4616	0	50.46
chr9	0.1728	138394717	0.0000	7.3429	10162212	320810	184346	0.4792	0	26.12
chr10	0.1599	133797422	0.0000	8.6897	11626544	271031	192294	0.4331	0	4.11
chr11	0.2129	135086622	0.0000	8.1658	11030937	383418	228126	0.4463	0	30.03
chr12	0.2572	133275309	0.0000	9.1750	12227971	467784	253288	0.4766	0	49.48
chr13	0.1053	114364328	0.0000	5.2229	5973086	122140	133746	0.4231	0	5.64
chr14	0.2855	107043718	0.0000	7.5686	8101697	352940	279325	0.5202	0	50.25
chr15	0.1676	101991189	0.0000	8.7371	8911115	207020	157594	0.4395	0	3.76
chr16	0.2990	90338345	0.0000	11.5922	10472167	312355	260992	0.4857	0	12.08
chr17	0.3939	83257441	0.0000	15.3527	12782268	370566	327365	0.4842	0	19.29
chr18	0.1191	80373285	0.0000	6.3143	5075028	131224	83235	0.4150	0	8.61
chr19	0.3892	58617616	0.0000	17.1118	10030546	307334	175807	0.5115	0	19.19
chr20	0.2152	64444167	0.0000	9.1875	5920781	143325	151552	0.4642	0	21.31
chr21	18.6571	46709983	0.0000	7.3091	3414098	17794128	64724	0.5726	0	874.92
chr22	0.2383	50818468	0.0000	11.1949	5689052	145131	109819	0.4979	0	7.03
chrX	0.0947	156040895	0.0000	4.4162	6891123	205570	121421	0.4391	0	14.19
chrY	0.0330	57227415	0.0000	1.0181	582608	46388	8839	0.3444	0	11.41
chrM	902.8340	16569	0.0000	99.9457	16560	272847	31241	0.4319	495	1169.07
chr1_KI270706v1_random	0.0074	175055	0.0000	0.6095	1067	15	13	0.4446	0	0.11
chr1_KI270707v1_random	0.0168	32032	0.0000	1.6796	538	6	5	0.4881	0	0.13
chr1_KI270708v1_random	0.0130	127682	0.0000	1.0589	1352	28	11	0.4342	0	0.14
chr1_KI270709v1_random	0.0080	66860	0.0000	0.8017	536	5	6	0.3766	0	0.09
chr1_KI270710v1_random	0.0121	40176	0.0000	1.0902	438	9	2	0.4016	0	0.12
chr1_KI270711v1_random	1.2930	42210	0.0000	57.1476	24122	13	1083	0.4286	1	2.12
chr1_KI270712v1_random	0.0767	176043	0.0000	5.3095	9347	124	158	0.3984	0	0.43
chr1_KI270713v1_random	14.8437	40745	0.0000	24.9601	10170	155	12142	0.5297	0	213.47
chr1_KI270714v1_random	0.1453	41717	0.0000	8.0159	3344	97	27	0.4448	0	0.62
chr2_KI270715v1_random	0.0006	161471	0.0000	0.0619	100	0	2	0.3922	0	0.02
chr2_KI270716v1_random	0.0003	153799	0.0000	0.0332	51	1	0	0.4314	0	0.02
chr3_GL000221v1_random	0.0093	155397	0.0000	0.8700	1352	13	17	0.4373	0	0.10
chr4_GL000008v2_random	0.0192	209709	0.0000	0.8903	1867	32	83	0.3428	0	0.77
chr5_GL000208v1_random	0.0130	92689	0.0000	1.0314	956	6	18	0.3883	0	0.15
chr9_KI270717v1_random	0.0072	40062	0.0000	0.5566	223	3	4	0.6345	0	0.11
chr9_KI270718v1_random	0.2071	38054	0.0000	5.7524	2189	77	82	0.5242	0	2.03
chr9_KI270719v1_random	0.0616	176845	0.0000	4.6283	8185	51	188	0.3779	0	0.42
chr9_KI270720v1_random	0.0988	39050	0.0000	5.6773	2217	20	68	0.3827	0	0.62
chr11_KI270721v1_random	0.1462	100316	0.0000	8.1323	8158	290	10	0.6220	0	0.61
chr14_GL000009v2_random	0.0052	201709	0.0000	0.4506	909	16	10	0.4100	0	0.08
chr14_GL000225v1_random	0.0307	211173	0.0000	2.4473	5168	107	35	0.4941	0	0.24
chr14_KI270722v1_random	0.0142	194050	0.0000	1.1399	2212	43	17	0.4255	0	0.15
chr14_GL000194v1_random	0.0111	191469	0.0000	0.7202	1379	22	32	0.4290	0	0.20
chr14_KI270723v1_random	0.0130	38115	0.0000	1.0914	416	5	6	0.4269	0	0.13
chr14_KI270724v1_random	0.0400	39555	0.0000	1.6736	662	30	5	0.5641	0	0.57
chr14_KI270725v1_random	0.0605	172810	0.0000	2.3060	3985	205	15	0.3130	0	0.63
chr14_KI270726v1_random	0.0224	43739	0.0000	1.6118	705	17	4	0.4333	0	0.19
chr15_KI270727v1_random	0.0936	448248	0.0000	5.8345	26153	319	555	0.4598	0	0.52
chr16_KI270728v1_random	0.0425	1872759	0.0000	2.8831	53994	1140	575	0.4234	0	0.41
chr17_GL000205v2_random	1.0488	185591	0.0000	34.2290	63526	600	3350	0.4405	0	2.71
chr17_KI270729v1_random	0.0054	280839	0.0000	0.2236	628	15	30	0.2800	0	0.29
chr17_KI270730v1_random	0.0077	112551	0.0000	0.0702	79	1	31	0.1726	0	0.47
chr22_KI270731v1_random	0.0721	150754	0.0000	5.2370	7895	182	44	0.4862	0	0.39
chr22_KI270732v1_random	0.0089	41543	0.0000	0.7631	317	8	1	0.3556	0	0.11
chr22_KI270733v1_random	2512.5656	179772	0.0000	31.6985	56985	9253445	406	0.5737	0	9976.23
chr22_KI270734v1_random	0.0831	165050	0.0000	5.7237	9447	158	130	0.5214	0	0.42
chr22_KI270735v1_random	0.0144	42811	0.0000	0.9740	417	7	10	0.2984	0	0.23
chr22_KI270736v1_random	0.0033	181920	0.0000	0.3023	550	5	8	0.4267	0	0.06
chr22_KI270737v1_random	0.0039	103838	0.0000	0.3871	402	3	5	0.2917	0	0.06
chr22_KI270738v1_random	0.0055	99375	0.0000	0.4569	454	9	2	0.4252	0	0.08
chr22_KI270739v1_random	0.0050	73985	0.0000	0.4041	299	7	1	0.3405	0	0.08
chrY_KI270740v1_random	0.0000	37240	0.0000	0.0000	0	0	0	0.0000	0	0.00
chrUn_KI270302v1	0.0000	2274	0.0000	0.0000	0	0	0	0.0000	0	0.00
chrUn_KI270304v1	0.0000	2165	0.0000	0.0000	0	0	0	0.0000	0	0.00
chrUn_KI270303v1	0.1308	1942	0.0000	13.0793	254	1	4	0.4000	0	0.34
chrUn_KI270305v1	0.0000	1472	0.0000	0.0000	0	0	0	0.0000	0	0.00
chrUn_KI270322v1	0.0000	21476	0.0000	0.0000	0	0	0	0.0000	0	0.00
chrUn_KI270320v1	0.0000	4416	0.0000	0.0000	0	0	0	0.0000	0	0.00
chrUn_KI270310v1	0.0849	1201	0.0000	4.2465	51	2	0	0.3922	0	0.40
chrUn_KI270316v1	0.0000	1444	0.0000	0.0000	0	0	0	0.0000	0	0.00
chrUn_KI270315v1	0.0000	2276	0.0000	0.0000	0	0	0	0.0000	0	0.00
chrUn_KI270312v1	0.0000	998	0.0000	0.0000	0	0	0	0.0000	0	0.00
chrUn_KI270311v1	0.0000	12399	0.0000	0.0000	0	0	0	0.0000	0	0.00
chrUn_KI270317v1	0.0000	37690	0.0000	0.0000	0	0	0	0.0000	0	0.00
chrUn_KI270412v1	0.0000	1179	0.0000	0.0000	0	0	0	0.0000	0	0.00
chrUn_KI270411v1	0.0000	2646	0.0000	0.0000	0	0	0	0.0000	0	0.00
chrUn_KI270414v1	0.0000	2489	0.0000	0.0000	0	0	0	0.0000	0	0.00
chrUn_KI270419v1	0.0000	1029	0.0000	0.0000	0	0	0	0.0000	0	0.00
chrUn_KI270418v1	0.0000	2145	0.0000	0.0000	0	0	0	0.0000	0	0.00
chrUn_KI270420v1	0.0000	2321	0.0000	0.0000	0	0	0	0.0000	0	0.00
chrUn_KI270424v1	0.0000	2140	0.0000	0.0000	0	0	0	0.0000	0	0.00
chrUn_KI270417v1	0.0000	2043	0.0000	0.0000	0	0	0	0.0000	0	0.00
chrUn_KI270422v1	0.0000	1445	0.0000	0.0000	0	0	0	0.0000	0	0.00
chrUn_KI270423v1	0.0000	981	0.0000	0.0000	0	0	0	0.0000	0	0.00
chrUn_KI270425v1	0.0000	1884	0.0000	0.0000	0	0	0	0.0000	0	0.00
chrUn_KI270429v1	0.0000	1361	0.0000	0.0000	0	0	0	0.0000	0	0.00
chrUn_KI270442v1	1.8801	392061	0.0000	2.4315	9533	170	15598	0.4200	0	103.07
chrUn_KI270466v1	0.0000	1233	0.0000	0.0000	0	0	0	0.0000	0	0.00
chrUn_KI270465v1	0.0000	1774	0.0000	0.0000	0	0	0	0.0000	0	0.00
chrUn_KI270467v1	0.0000	3920	0.0000	0.0000	0	0	0	0.0000	0	0.00
chrUn_KI270435v1	0.0087	92983	0.0000	0.7034	654	5	11	0.3787	0	0.11
chrUn_KI270438v1	0.0009	112505	0.0000	0.0880	99	2	0	0.3725	0	0.03
chrUn_KI270468v1	0.0000	4055	0.0000	0.0000	0	0	0	0.0000	0	0.00
chrUn_KI270510v1	0.0000	2415	0.0000	0.0000	0	0	0	0.0000	0	0.00
chrUn_KI270509v1	0.0000	2318	0.0000	0.0000	0	0	0	0.0000	0	0.00
chrUn_KI270518v1	0.0000	2186	0.0000	0.0000	0	0	0	0.0000	0	0.00
chrUn_KI270508v1	0.1451	1951	0.0000	9.6873	189	2	4	0.4311	0	0.47
chrUn_KI270516v1	0.0000	1300	0.0000	0.0000	0	0	0	0.0000	0	0.00
chrUn_KI270512v1	0.0164	22689	0.0000	1.2561	285	3	5	0.4160	0	0.15
chrUn_KI270519v1	0.0040	138126	0.0000	0.3620	500	11	0	0.3779	0	0.07
chrUn_KI270522v1	0.0090	5674	0.0000	0.8988	51	1	0	0.3922	0	0.09
chrUn_KI270511v1	0.0000	8127	0.0000	0.0000	0	0	0	0.0000	0	0.00
chrUn_KI270515v1	0.0000	6361	0.0000	0.0000	0	0	0	0.0000	0	0.00
chrUn_KI270507v1	0.0000	5353	0.0000	0.0000	0	0	0	0.0000	0	0.00
chrUn_KI270517v1	0.0000	3253	0.0000	0.0000	0	0	0	0.0000	0	0.00
chrUn_KI270529v1	0.0000	1899	0.0000	0.0000	0	0	0	0.0000	0	0.00
chrUn_KI270528v1	0.0000	2983	0.0000	0.0000	0	0	0	0.0000	0	0.00
chrUn_KI270530v1	0.0000	2168	0.0000	0.0000	0	0	0	0.0000	0	0.00
chrUn_KI270539v1	0.0514	993	0.0000	5.1360	51	1	0	0.8431	0	0.22
chrUn_KI270538v1	0.0050	91309	0.0000	0.4107	375	7	2	0.3769	0	0.08
chrUn_KI270544v1	0.2945	1202	0.0000	26.6223	320	7	0	0.3754	0	0.51
chrUn_KI270548v1	0.0319	1599	0.0000	3.1895	51	0	1	0.4118	0	0.18
chrUn_KI270583v1	0.0000	1400	0.0000	0.0000	0	0	0	0.0000	0	0.00
chrUn_KI270587v1	0.0000	2969	0.0000	0.0000	0	0	0	0.0000	0	0.00
chrUn_KI270580v1	0.0000	1553	0.0000	0.0000	0	0	0	0.0000	0	0.00
chrUn_KI270581v1	0.0145	7046	0.0000	1.4476	102	2	0	0.5882	0	0.12
chrUn_KI270579v1	0.0066	31033	0.0000	0.5059	157	0	4	0.4608	0	0.10
chrUn_KI270589v1	0.0009	44474	0.0000	0.0854	38	1	0	0.3158	0	0.03
chrUn_KI270590v1	0.0000	4685	0.0000	0.0000	0	0	0	0.0000	0	0.00
chrUn_KI270584v1	0.0000	4513	0.0000	0.0000	0	0	0	0.0000	0	0.00
chrUn_KI270582v1	0.0389	6504	0.0000	3.0443	198	2	3	0.4941	0	0.23
chrUn_KI270588v1	0.0000	6158	0.0000	0.0000	0	0	0	0.0000	0	0.00
chrUn_KI270593v1	0.0000	3041	0.0000	0.0000	0	0	0	0.0000	0	0.00
chrUn_KI270591v1	0.0000	5796	0.0000	0.0000	0	0	0	0.0000	0	0.00
chrUn_KI270330v1	0.0000	1652	0.0000	0.0000	0	0	0	0.0000	0	0.00
chrUn_KI270329v1	0.0000	1040	0.0000	0.0000	0	0	0	0.0000	0	0.00
chrUn_KI270334v1	0.0000	1368	0.0000	0.0000	0	0	0	0.0000	0	0.00
chrUn_KI270333v1	0.0000	2699	0.0000	0.0000	0	0	0	0.0000	0	0.00
chrUn_KI270335v1	0.0000	1048	0.0000	0.0000	0	0	0	0.0000	0	0.00
chrUn_KI270338v1	0.0000	1428	0.0000	0.0000	0	0	0	0.0000	0	0.00
chrUn_KI270340v1	0.0000	1428	0.0000	0.0000	0	0	0	0.0000	0	0.00
chrUn_KI270336v1	0.0000	1026	0.0000	0.0000	0	0	0	0.0000	0	0.00
chrUn_KI270337v1	0.0000	1121	0.0000	0.0000	0	0	0	0.0000	0	0.00
chrUn_KI270363v1	0.0283	1803	0.0000	2.8286	51	0	1	0.3137	0	0.17
chrUn_KI270364v1	0.0179	2855	0.0000	1.7863	51	0	1	0.4510	0	0.13
chrUn_KI270362v1	0.0133	3530	0.0000	1.3314	47	0	1	0.2941	0	0.11
chrUn_KI270366v1	0.0000	8320	0.0000	0.0000	0	0	0	0.0000	0	0.00
chrUn_KI270378v1	0.0000	1048	0.0000	0.0000	0	0	0	0.0000	0	0.00
chrUn_KI270379v1	0.0000	1045	0.0000	0.0000	0	0	0	0.0000	0	0.00
chrUn_KI270389v1	0.0000	1298	0.0000	0.0000	0	0	0	0.0000	0	0.00
chrUn_KI270390v1	0.0000	2387	0.0000	0.0000	0	0	0	0.0000	0	0.00
chrUn_KI270387v1	0.0000	1537	0.0000	0.0000	0	0	0	0.0000	0	0.00
chrUn_KI270395v1	0.0000	1143	0.0000	0.0000	0	0	0	0.0000	0	0.00
chrUn_KI270396v1	0.0000	1880	0.0000	0.0000	0	0	0	0.0000	0	0.00
chrUn_KI270388v1	0.0000	1216	0.0000	0.0000	0	0	0	0.0000	0	0.00
chrUn_KI270394v1	0.0000	970	0.0000	0.0000	0	0	0	0.0000	0	0.00
chrUn_KI270386v1	0.0000	1788	0.0000	0.0000	0	0	0	0.0000	0	0.00
chrUn_KI270391v1	0.0000	1484	0.0000	0.0000	0	0	0	0.0000	0	0.00
chrUn_KI270383v1	0.0000	1750	0.0000	0.0000	0	0	0	0.0000	0	0.00
chrUn_KI270393v1	0.0000	1308	0.0000	0.0000	0	0	0	0.0000	0	0.00
chrUn_KI270384v1	0.0000	1658	0.0000	0.0000	0	0	0	0.0000	0	0.00
chrUn_KI270392v1	0.0000	971	0.0000	0.0000	0	0	0	0.0000	0	0.00
chrUn_KI270381v1	0.0000	1930	0.0000	0.0000	0	0	0	0.0000	0	0.00
chrUn_KI270385v1	0.0000	990	0.0000	0.0000	0	0	0	0.0000	0	0.00
chrUn_KI270382v1	0.0000	4215	0.0000	0.0000	0	0	0	0.0000	0	0.00
chrUn_KI270376v1	0.0000	1136	0.0000	0.0000	0	0	0	0.0000	0	0.00
chrUn_KI270374v1	0.0000	2656	0.0000	0.0000	0	0	0	0.0000	0	0.00
chrUn_KI270372v1	0.0309	1650	0.0000	3.0909	51	0	1	0.2745	0	0.17
chrUn_KI270373v1	0.0703	1451	0.0000	7.0296	102	1	1	0.3824	0	0.26
chrUn_KI270375v1	0.0000	2378	0.0000	0.0000	0	0	0	0.0000	0	0.00
chrUn_KI270371v1	0.0000	2805	0.0000	0.0000	0	0	0	0.0000	0	0.00
chrUn_KI270448v1	0.0000	7992	0.0000	0.0000	0	0	0	0.0000	0	0.00
chrUn_KI270521v1	0.0048	7642	0.0000	0.4842	37	1	0	0.7105	0	0.07
chrUn_GL000195v1	1.2563	182896	0.0000	39.3453	71961	3035	1629	0.4313	0	2.73
chrUn_GL000219v1	0.3088	179198	0.0000	17.1905	30805	320	810	0.4319	0	1.19
chrUn_GL000220v1	2760.4698	161802	0.0000	33.8834	54824	9152177	383	0.5739	0	10436.98
chrUn_GL000224v1	0.0786	179693	0.0000	6.6925	12026	265	23	0.4384	0	0.31
chrUn_KI270741v1	0.0997	157432	0.0000	8.5840	13514	271	49	0.4263	0	0.35
chrUn_GL000226v1	0.0000	15008	0.0000	0.0000	0	0	0	0.0000	0	0.00
chrUn_GL000213v1	0.0246	164239	0.0000	1.5337	2519	46	54	0.4172	0	0.35
chrUn_KI270743v1	0.0121	210658	0.0000	0.9703	2044	39	14	0.4808	0	0.14
chrUn_KI270744v1	0.0592	168472	0.0000	4.1413	6977	181	34	0.4079	0	0.36
chrUn_KI270745v1	0.6061	41891	0.0000	37.0700	15529	517	1	0.4864	0	1.02
chrUn_KI270746v1	0.1176	66486	0.0000	6.5036	4324	129	35	0.3391	0	0.63
chrUn_KI270747v1	0.0009	198735	0.0000	0.0931	185	2	2	0.3704	0	0.03
chrUn_KI270748v1	0.0915	93321	0.0000	6.5184	6083	161	13	0.4265	0	0.45
chrUn_KI270749v1	0.0624	158759	0.0000	2.4855	3946	196	4	0.3415	0	0.64
chrUn_KI270750v1	0.0173	148850	0.0000	1.3880	2066	33	22	0.4303	0	0.16
chrUn_KI270751v1	0.0114	150742	0.0000	0.7609	1147	32	13	0.3626	0	0.23
chrUn_KI270752v1	0.0510	27745	0.0000	0.4722	131	52	2	0.1266	0	1.49
chrUn_KI270753v1	0.1147	62944	0.0000	6.1277	3857	130	21	0.4229	0	0.62
chrUn_KI270754v1	0.0000	40191	0.0000	0.0000	0	0	0	0.0000	0	0.00
chrUn_KI270755v1	0.0154	36723	0.0000	1.2771	469	9	3	0.4674	0	0.14
chrUn_KI270756v1	0.0000	79590	0.0000	0.0000	0	0	0	0.0000	0	0.00
chrUn_KI270757v1	0.0007	71251	0.0000	0.0716	51	1	0	0.3922	0	0.03
chrUn_GL000214v1	0.0085	137718	0.0000	0.6905	951	25	5	0.3887	0	0.12
chrUn_KI270742v1	0.0137	186739	0.0000	0.9628	1798	41	20	0.4760	0	0.25
chrUn_GL000216v2	0.0135	176608	0.0000	1.1613	2051	16	36	0.4456	0	0.13
chrUn_GL000218v1	0.0111	161147	0.0000	0.8421	1357	20	21	0.4970	0	0.15
chrEBV	0.0000	171823	0.0000	0.0000	0	0	0	0.0000	0	0.00
