#ID	Avg_fold	Length	Ref_GC	Covered_percent	Covered_bases	Plus_reads	Minus_reads	Read_GC	Median_fold	Std_Dev
chr1	0.3367	248956422	0.0000	8.7621	21813775	773124	946335	0.4693	0	72.27
chr2	0.1738	242193529	0.0000	7.8935	19117440	426187	454442	0.4265	0	22.70
chr3	0.1624	198295559	0.0000	7.4222	14717830	416762	249839	0.4386	0	29.29
chr4	0.1062	190214555	0.0000	5.2909	10064153	254737	186995	0.3989	0	10.33
chr5	0.1827	181538259	0.0000	7.8225	14200830	413884	280969	0.4209	0	16.93
chr6	0.2128	170805979	0.0000	7.5537	12902138	455768	299979	0.4548	0	30.92
chr7	0.1522	159345973	0.0000	7.8760	12550108	286268	228705	0.4260	0	4.14
chr8	0.1721	145138636	0.0000	6.1303	8897448	192879	332361	0.4488	0	55.76
chr9	0.1573	138394717	0.0000	6.8014	9412734	285164	166606	0.4602	0	30.83
chr10	0.1479	133797422	0.0000	8.1115	10852989	245093	174606	0.4138	0	4.31
chr11	0.1940	135086622	0.0000	7.4590	10076055	340719	207720	0.4340	0	27.79
chr12	0.2795	133275309	0.0000	8.5121	11344562	520555	247012	0.4761	0	69.68
chr13	0.0983	114364328	0.0000	5.1114	5845564	111757	122595	0.4012	0	3.03
chr14	0.2652	107043718	0.0000	7.0543	7551220	342577	237274	0.4984	0	55.88
chr15	0.1554	101991189	0.0000	8.0864	8247422	188955	143016	0.4193	0	4.87
chr16	0.2640	90338345	0.0000	10.1205	9142653	275995	221786	0.4725	0	19.70
chr17	0.4280	83257441	0.0000	13.4793	11222502	379166	362111	0.4646	0	41.01
chr18	0.1076	80373285	0.0000	5.9766	4803558	113281	77249	0.3958	0	6.88
chr19	0.3304	58617616	0.0000	14.3126	8389733	265751	137475	0.4953	0	24.61
chr20	0.2134	64444167	0.0000	8.2048	5287497	125843	160778	0.4475	0	31.13
chr21	22.0147	46709983	0.0000	7.0189	3278536	20752409	61263	0.5600	0	971.06
chr22	0.2006	50818468	0.0000	9.6305	4894054	119153	92260	0.4809	0	7.62
chrX	0.0889	156040895	0.0000	4.0831	6371291	187857	110585	0.4278	0	16.27
chrY	0.0320	57227415	0.0000	0.9552	546628	43590	5926	0.3589	0	10.34
chrM	533.4734	16569	0.0000	99.9215	16556	152602	25246	0.4281	300	622.24
chr1_KI270706v1_random	0.0033	175055	0.0000	0.2559	448	7	5	0.3582	0	0.07
chr1_KI270707v1_random	0.0133	32032	0.0000	1.2207	391	5	4	0.4122	0	0.12
chr1_KI270708v1_random	0.0090	127682	0.0000	0.8051	1028	22	3	0.4499	0	0.11
chr1_KI270709v1_random	0.0098	66860	0.0000	0.7179	480	9	4	0.3502	0	0.13
chr1_KI270710v1_random	0.0062	40176	0.0000	0.6198	249	2	3	0.4240	0	0.08
chr1_KI270711v1_random	1.2755	42210	0.0000	56.7709	23963	5	1073	0.4289	1	1.87
chr1_KI270712v1_random	0.0748	176043	0.0000	5.1118	8999	106	163	0.3695	0	0.44
chr1_KI270713v1_random	48.1577	40745	0.0000	22.7586	9273	142	39011	0.5280	0	912.98
chr1_KI270714v1_random	0.1001	41717	0.0000	6.3667	2656	67	19	0.3989	0	0.45
chr2_KI270715v1_random	0.0000	161471	0.0000	0.0000	0	0	0	0.0000	0	0.00
chr2_KI270716v1_random	0.0000	153799	0.0000	0.0000	0	0	0	0.0000	0	0.00
chr3_GL000221v1_random	0.0093	155397	0.0000	0.8366	1300	11	18	0.4034	0	0.11
chr4_GL000008v2_random	0.0092	209709	0.0000	0.6719	1409	22	26	0.3895	0	0.20
chr5_GL000208v1_random	0.0103	92689	0.0000	0.8793	815	11	8	0.3870	0	0.12
chr9_KI270717v1_random	0.0070	40062	0.0000	0.7014	281	3	3	0.4804	0	0.08
chr9_KI270718v1_random	0.2170	38054	0.0000	5.3161	2023	70	98	0.5359	0	2.21
chr9_KI270719v1_random	0.0547	176845	0.0000	4.5752	8091	28	175	0.3555	0	0.32
chr9_KI270720v1_random	0.0913	39050	0.0000	7.2343	2825	11	64	0.3033	0	0.36
chr11_KI270721v1_random	0.1145	100316	0.0000	7.0268	7049	230	4	0.6063	0	0.53
chr14_GL000009v2_random	0.0028	201709	0.0000	0.2419	488	6	7	0.4199	0	0.06
chr14_GL000225v1_random	0.0536	211173	0.0000	4.2458	8966	145	90	0.4666	0	0.28
chr14_KI270722v1_random	0.0090	194050	0.0000	0.8044	1561	29	9	0.4128	0	0.11
chr14_GL000194v1_random	0.0084	191469	0.0000	0.6863	1314	19	19	0.4190	0	0.12
chr14_KI270723v1_random	0.0132	38115	0.0000	1.2279	468	4	6	0.4137	0	0.12
chr14_KI270724v1_random	0.0282	39555	0.0000	1.4739	583	20	3	0.5435	0	0.36
chr14_KI270725v1_random	0.0469	172810	0.0000	2.1532	3721	156	13	0.3199	0	0.48
chr14_KI270726v1_random	0.0232	43739	0.0000	1.5432	675	9	11	0.4539	0	0.22
chr15_KI270727v1_random	0.0871	448248	0.0000	5.4164	24279	272	537	0.4232	0	0.50
chr16_KI270728v1_random	0.0384	1872759	0.0000	2.5911	48525	963	535	0.4115	0	0.33
chr17_GL000205v2_random	1.0171	185591	0.0000	33.6972	62539	537	3252	0.4196	0	2.50
chr17_KI270729v1_random	0.0033	280839	0.0000	0.2557	718	10	11	0.3543	0	0.08
chr17_KI270730v1_random	0.0009	112551	0.0000	0.0231	26	0	4	0.1553	0	0.06
chr22_KI270731v1_random	0.0519	150754	0.0000	3.5561	5361	121	38	0.4850	0	0.35
chr22_KI270732v1_random	0.0072	41543	0.0000	0.6042	251	4	2	0.3137	0	0.10
chr22_KI270733v1_random	2915.8343	179772	0.0000	29.9602	53860	10610767	296	0.5612	0	11013.18
chr22_KI270734v1_random	0.0596	165050	0.0000	4.2321	6985	110	97	0.5130	0	0.37
chr22_KI270735v1_random	0.0126	42811	0.0000	1.0044	430	6	7	0.3431	0	0.14
chr22_KI270736v1_random	0.0046	181920	0.0000	0.2776	505	4	13	0.3974	0	0.10
chr22_KI270737v1_random	0.0043	103838	0.0000	0.3968	412	2	7	0.3939	0	0.07
chr22_KI270738v1_random	0.0029	99375	0.0000	0.2445	243	5	1	0.3595	0	0.06
chr22_KI270739v1_random	0.0040	73985	0.0000	0.2906	215	5	1	0.3503	0	0.08
chrY_KI270740v1_random	0.0000	37240	0.0000	0.0000	0	0	0	0.0000	0	0.00
chrUn_KI270302v1	0.0000	2274	0.0000	0.0000	0	0	0	0.0000	0	0.00
chrUn_KI270304v1	0.0707	2165	0.0000	4.7113	102	2	1	0.3595	0	0.34
chrUn_KI270303v1	0.1828	1942	0.0000	9.2173	179	5	2	0.3669	0	0.71
chrUn_KI270305v1	0.0000	1472	0.0000	0.0000	0	0	0	0.0000	0	0.00
chrUn_KI270322v1	0.0000	21476	0.0000	0.0000	0	0	0	0.0000	0	0.00
chrUn_KI270320v1	0.0000	4416	0.0000	0.0000	0	0	0	0.0000	0	0.00
chrUn_KI270310v1	0.0000	1201	0.0000	0.0000	0	0	0	0.0000	0	0.00
chrUn_KI270316v1	0.0000	1444	0.0000	0.0000	0	0	0	0.0000	0	0.00
chrUn_KI270315v1	0.0000	2276	0.0000	0.0000	0	0	0	0.0000	0	0.00
chrUn_KI270312v1	0.0000	998	0.0000	0.0000	0	0	0	0.0000	0	0.00
chrUn_KI270311v1	0.0000	12399	0.0000	0.0000	0	0	0	0.0000	0	0.00
chrUn_KI270317v1	0.0000	37690	0.0000	0.0000	0	0	0	0.0000	0	0.00
chrUn_KI270412v1	0.0000	1179	0.0000	0.0000	0	0	0	0.0000	0	0.00
chrUn_KI270411v1	0.0000	2646	0.0000	0.0000	0	0	0	0.0000	0	0.00
chrUn_KI270414v1	0.0000	2489	0.0000	0.0000	0	0	0	0.0000	0	0.00
chrUn_KI270419v1	0.0000	1029	0.0000	0.0000	0	0	0	0.0000	0	0.00
chrUn_KI270418v1	0.0000	2145	0.0000	0.0000	0	0	0	0.0000	0	0.00
chrUn_KI270420v1	0.0000	2321	0.0000	0.0000	0	0	0	0.0000	0	0.00
chrUn_KI270424v1	0.0000	2140	0.0000	0.0000	0	0	0	0.0000	0	0.00
chrUn_KI270417v1	0.0000	2043	0.0000	0.0000	0	0	0	0.0000	0	0.00
chrUn_KI270422v1	0.0000	1445	0.0000	0.0000	0	0	0	0.0000	0	0.00
chrUn_KI270423v1	0.0000	981	0.0000	0.0000	0	0	0	0.0000	0	0.00
chrUn_KI270425v1	0.0000	1884	0.0000	0.0000	0	0	0	0.0000	0	0.00
chrUn_KI270429v1	0.0000	1361	0.0000	0.0000	0	0	0	0.0000	0	0.00
chrUn_KI270442v1	2.3640	392061	0.0000	2.0015	7847	128	19217	0.4191	0	129.75
chrUn_KI270466v1	0.0000	1233	0.0000	0.0000	0	0	0	0.0000	0	0.00
chrUn_KI270465v1	0.0000	1774	0.0000	0.0000	0	0	0	0.0000	0	0.00
chrUn_KI270467v1	0.0207	3920	0.0000	2.0663	81	2	0	0.1882	0	0.14
chrUn_KI270435v1	0.0049	92983	0.0000	0.3452	321	4	5	0.3638	0	0.09
chrUn_KI270438v1	0.0013	112505	0.0000	0.1156	130	3	0	0.4641	0	0.04
chrUn_KI270468v1	0.0000	4055	0.0000	0.0000	0	0	0	0.0000	0	0.00
chrUn_KI270510v1	0.0000	2415	0.0000	0.0000	0	0	0	0.0000	0	0.00
chrUn_KI270509v1	0.0000	2318	0.0000	0.0000	0	0	0	0.0000	0	0.00
chrUn_KI270518v1	0.0000	2186	0.0000	0.0000	0	0	0	0.0000	0	0.00
chrUn_KI270508v1	0.0261	1951	0.0000	2.6140	51	0	1	0.3725	0	0.16
chrUn_KI270516v1	0.0000	1300	0.0000	0.0000	0	0	0	0.0000	0	0.00
chrUn_KI270512v1	0.0000	22689	0.0000	0.0000	0	0	0	0.0000	0	0.00
chrUn_KI270519v1	0.0040	138126	0.0000	0.3982	550	6	5	0.3494	0	0.06
chrUn_KI270522v1	0.0000	5674	0.0000	0.0000	0	0	0	0.0000	0	0.00
chrUn_KI270511v1	0.0000	8127	0.0000	0.0000	0	0	0	0.0000	0	0.00
chrUn_KI270515v1	0.0000	6361	0.0000	0.0000	0	0	0	0.0000	0	0.00
chrUn_KI270507v1	0.0000	5353	0.0000	0.0000	0	0	0	0.0000	0	0.00
chrUn_KI270517v1	0.0000	3253	0.0000	0.0000	0	0	0	0.0000	0	0.00
chrUn_KI270529v1	0.0147	1899	0.0000	1.4745	28	1	0	0.2857	0	0.12
chrUn_KI270528v1	0.0000	2983	0.0000	0.0000	0	0	0	0.0000	0	0.00
chrUn_KI270530v1	0.0000	2168	0.0000	0.0000	0	0	0	0.0000	0	0.00
chrUn_KI270539v1	0.0000	993	0.0000	0.0000	0	0	0	0.0000	0	0.00
chrUn_KI270538v1	0.0033	91309	0.0000	0.2212	202	6	0	0.3693	0	0.08
chrUn_KI270544v1	0.1689	1202	0.0000	16.8885	203	4	0	0.3775	0	0.37
chrUn_KI270548v1	0.0638	1599	0.0000	6.3790	102	0	2	0.4020	0	0.24
chrUn_KI270583v1	0.0364	1400	0.0000	3.6429	51	1	0	0.4902	0	0.19
chrUn_KI270587v1	0.0000	2969	0.0000	0.0000	0	0	0	0.0000	0	0.00
chrUn_KI270580v1	0.0328	1553	0.0000	3.2840	51	0	1	0.3725	0	0.18
chrUn_KI270581v1	0.0125	7046	0.0000	1.2489	88	2	0	0.4333	0	0.11
chrUn_KI270579v1	0.0011	31033	0.0000	0.1128	35	1	0	0.3243	0	0.03
chrUn_KI270589v1	0.0064	44474	0.0000	0.3238	144	2	4	0.3595	0	0.14
chrUn_KI270590v1	0.0000	4685	0.0000	0.0000	0	0	0	0.0000	0	0.00
chrUn_KI270584v1	0.0078	4513	0.0000	0.7755	35	1	0	0.3243	0	0.09
chrUn_KI270582v1	0.0000	6504	0.0000	0.0000	0	0	0	0.0000	0	0.00
chrUn_KI270588v1	0.0000	6158	0.0000	0.0000	0	0	0	0.0000	0	0.00
chrUn_KI270593v1	0.0000	3041	0.0000	0.0000	0	0	0	0.0000	0	0.00
chrUn_KI270591v1	0.0000	5796	0.0000	0.0000	0	0	0	0.0000	0	0.00
chrUn_KI270330v1	0.0000	1652	0.0000	0.0000	0	0	0	0.0000	0	0.00
chrUn_KI270329v1	0.0000	1040	0.0000	0.0000	0	0	0	0.0000	0	0.00
chrUn_KI270334v1	0.0000	1368	0.0000	0.0000	0	0	0	0.0000	0	0.00
chrUn_KI270333v1	0.0000	2699	0.0000	0.0000	0	0	0	0.0000	0	0.00
chrUn_KI270335v1	0.0000	1048	0.0000	0.0000	0	0	0	0.0000	0	0.00
chrUn_KI270338v1	0.0000	1428	0.0000	0.0000	0	0	0	0.0000	0	0.00
chrUn_KI270340v1	0.0000	1428	0.0000	0.0000	0	0	0	0.0000	0	0.00
chrUn_KI270336v1	0.0000	1026	0.0000	0.0000	0	0	0	0.0000	0	0.00
chrUn_KI270337v1	0.0000	1121	0.0000	0.0000	0	0	0	0.0000	0	0.00
chrUn_KI270363v1	0.0283	1803	0.0000	2.8286	51	0	1	0.3333	0	0.17
chrUn_KI270364v1	0.0000	2855	0.0000	0.0000	0	0	0	0.0000	0	0.00
chrUn_KI270362v1	0.0000	3530	0.0000	0.0000	0	0	0	0.0000	0	0.00
chrUn_KI270366v1	0.0000	8320	0.0000	0.0000	0	0	0	0.0000	0	0.00
chrUn_KI270378v1	0.0000	1048	0.0000	0.0000	0	0	0	0.0000	0	0.00
chrUn_KI270379v1	0.0478	1045	0.0000	4.7847	50	1	0	0.4510	0	0.21
chrUn_KI270389v1	0.0000	1298	0.0000	0.0000	0	0	0	0.0000	0	0.00
chrUn_KI270390v1	0.0000	2387	0.0000	0.0000	0	0	0	0.0000	0	0.00
chrUn_KI270387v1	0.0000	1537	0.0000	0.0000	0	0	0	0.0000	0	0.00
chrUn_KI270395v1	0.0000	1143	0.0000	0.0000	0	0	0	0.0000	0	0.00
chrUn_KI270396v1	0.0000	1880	0.0000	0.0000	0	0	0	0.0000	0	0.00
chrUn_KI270388v1	0.0000	1216	0.0000	0.0000	0	0	0	0.0000	0	0.00
chrUn_KI270394v1	0.0000	970	0.0000	0.0000	0	0	0	0.0000	0	0.00
chrUn_KI270386v1	0.0000	1788	0.0000	0.0000	0	0	0	0.0000	0	0.00
chrUn_KI270391v1	0.0000	1484	0.0000	0.0000	0	0	0	0.0000	0	0.00
chrUn_KI270383v1	0.0291	1750	0.0000	2.9143	51	1	0	0.3725	0	0.17
chrUn_KI270393v1	0.0000	1308	0.0000	0.0000	0	0	0	0.0000	0	0.00
chrUn_KI270384v1	0.0000	1658	0.0000	0.0000	0	0	0	0.0000	0	0.00
chrUn_KI270392v1	0.0000	971	0.0000	0.0000	0	0	0	0.0000	0	0.00
chrUn_KI270381v1	0.0000	1930	0.0000	0.0000	0	0	0	0.0000	0	0.00
chrUn_KI270385v1	0.0000	990	0.0000	0.0000	0	0	0	0.0000	0	0.00
chrUn_KI270382v1	0.0000	4215	0.0000	0.0000	0	0	0	0.0000	0	0.00
chrUn_KI270376v1	0.0000	1136	0.0000	0.0000	0	0	0	0.0000	0	0.00
chrUn_KI270374v1	0.0000	2656	0.0000	0.0000	0	0	0	0.0000	0	0.00
chrUn_KI270372v1	0.0000	1650	0.0000	0.0000	0	0	0	0.0000	0	0.00
chrUn_KI270373v1	0.0000	1451	0.0000	0.0000	0	0	0	0.0000	0	0.00
chrUn_KI270375v1	0.0000	2378	0.0000	0.0000	0	0	0	0.0000	0	0.00
chrUn_KI270371v1	0.0000	2805	0.0000	0.0000	0	0	0	0.0000	0	0.00
chrUn_KI270448v1	0.0123	7992	0.0000	1.2262	98	0	2	0.3725	0	0.11
chrUn_KI270521v1	0.0000	7642	0.0000	0.0000	0	0	0	0.0000	0	0.00
chrUn_GL000195v1	1.3025	182896	0.0000	42.5925	77900	3122	1677	0.4120	0	2.47
chrUn_GL000219v1	0.2535	179198	0.0000	15.2580	27342	231	687	0.4170	0	0.86
chrUn_GL000220v1	3186.4695	161802	0.0000	32.5997	52747	10438558	274	0.5618	0	11439.45
chrUn_GL000224v1	0.0876	179693	0.0000	7.1550	12857	304	16	0.4367	0	0.35
chrUn_KI270741v1	0.1051	157432	0.0000	8.6151	13563	303	32	0.4330	0	0.38
chrUn_GL000226v1	0.0000	15008	0.0000	0.0000	0	0	0	0.0000	0	0.00
chrUn_GL000213v1	0.0177	164239	0.0000	1.4193	2331	33	31	0.4188	0	0.17
chrUn_KI270743v1	0.0064	210658	0.0000	0.6043	1273	22	6	0.4674	0	0.08
chrUn_KI270744v1	0.0507	168472	0.0000	3.3994	5727	150	34	0.4064	0	0.36
chrUn_KI270745v1	0.5555	41891	0.0000	34.2723	14357	472	1	0.4687	0	1.08
chrUn_KI270746v1	0.1260	66486	0.0000	6.7488	4487	111	60	0.3257	0	0.69
chrUn_KI270747v1	0.0027	198735	0.0000	0.2697	536	3	8	0.4352	0	0.05
chrUn_KI270748v1	0.0552	93321	0.0000	3.9573	3693	91	13	0.4634	0	0.35
chrUn_KI270749v1	0.0461	158759	0.0000	2.2077	3505	137	10	0.3490	0	0.45
chrUn_KI270750v1	0.0094	148850	0.0000	0.7847	1168	20	13	0.4018	0	0.12
chrUn_KI270751v1	0.0086	150742	0.0000	0.5990	903	19	10	0.3988	0	0.12
chrUn_KI270752v1	0.1307	27745	0.0000	0.5298	147	140	2	0.1111	0	4.14
chrUn_KI270753v1	0.0804	62944	0.0000	4.8869	3076	93	13	0.4147	0	0.45
chrUn_KI270754v1	0.0000	40191	0.0000	0.0000	0	0	0	0.0000	0	0.00
chrUn_KI270755v1	0.0135	36723	0.0000	1.1083	407	9	1	0.4177	0	0.13
chrUn_KI270756v1	0.0000	79590	0.0000	0.0000	0	0	0	0.0000	0	0.00
chrUn_KI270757v1	0.0018	71251	0.0000	0.1768	126	3	0	0.4882	0	0.04
chrUn_GL000214v1	0.0084	137718	0.0000	0.6295	867	20	7	0.4062	0	0.12
chrUn_KI270742v1	0.0065	186739	0.0000	0.4471	835	18	10	0.4580	0	0.13
chrUn_GL000216v2	0.0328	176608	0.0000	2.3968	4233	58	60	0.4560	0	0.23
chrUn_GL000218v1	0.0066	161147	0.0000	0.4791	772	15	9	0.4493	0	0.11
chrEBV	0.0000	171823	0.0000	0.0000	0	0	0	0.0000	0	0.00
