#ID	Avg_fold	Length	Ref_GC	Covered_percent	Covered_bases	Plus_reads	Minus_reads	Read_GC	Median_fold	Std_Dev
chr1	0.6284	248956422	0.0000	15.2847	38052187	1533337	1709249	0.4710	0	86.54
chr2	0.3673	242193529	0.0000	13.8994	33663561	952857	919488	0.4366	0	32.60
chr3	0.3685	198295559	0.0000	12.8440	25469059	960331	557703	0.4595	0	43.41
chr4	0.2290	190214555	0.0000	9.2790	17649920	575578	393366	0.4112	0	20.86
chr5	0.3818	181538259	0.0000	12.9346	23481267	860705	606596	0.4326	0	27.76
chr6	0.4442	170805979	0.0000	12.9533	22124940	949413	638179	0.4638	0	43.66
chr7	0.3480	159345973	0.0000	13.7429	21898702	668956	515977	0.4440	0	9.81
chr8	0.3548	145138636	0.0000	10.8502	15747882	468427	629406	0.4547	0	65.95
chr9	0.3501	138394717	0.0000	11.8969	16464664	627022	378798	0.4758	0	50.65
chr10	0.3284	133797422	0.0000	14.2583	19077196	543756	397001	0.4296	0	8.48
chr11	0.4210	135086622	0.0000	13.1721	17793762	730009	471924	0.4462	0	45.21
chr12	0.5956	133275309	0.0000	14.9354	19905213	1101713	545057	0.4860	0	89.95
chr13	0.2181	114364328	0.0000	8.7478	10004342	246618	275363	0.4199	0	10.78
chr14	0.6433	107043718	0.0000	12.6587	13550347	816481	590836	0.5246	0	102.57
chr15	0.3466	101991189	0.0000	14.2731	14557310	425664	324005	0.4351	0	11.00
chr16	0.5905	90338345	0.0000	17.5978	15897565	619415	503192	0.4850	0	31.92
chr17	0.8730	83257441	0.0000	23.6497	19690127	808662	727392	0.4807	0	58.20
chr18	0.2449	80373285	0.0000	10.3067	8283813	270043	173440	0.4073	0	21.36
chr19	0.7540	58617616	0.0000	25.6358	15027093	585952	341495	0.5092	0	31.88
chr20	0.4464	64444167	0.0000	15.1612	9770532	298784	304555	0.4607	0	42.83
chr21	37.3992	46709983	0.0000	11.4376	5342495	35230839	129057	0.5792	0	1206.29
chr22	0.4547	50818468	0.0000	16.8870	8581724	272562	206384	0.4965	0	13.72
chrX	0.1925	156040895	0.0000	7.5719	11815295	409493	240643	0.4415	0	29.72
chrY	0.0709	57227415	0.0000	1.7296	989798	98460	19094	0.3474	0	24.94
chrM	1772.3070	16569	0.0000	99.9638	16563	551977	40565	0.4327	999	2295.52
chr1_KI270706v1_random	0.0128	175055	0.0000	0.9483	1660	40	13	0.4239	0	0.15
chr1_KI270707v1_random	0.0154	32032	0.0000	1.2269	393	6	4	0.4257	0	0.15
chr1_KI270708v1_random	0.0252	127682	0.0000	2.0700	2643	50	20	0.4279	0	0.19
chr1_KI270709v1_random	0.0150	66860	0.0000	1.1427	764	15	5	0.3718	0	0.17
chr1_KI270710v1_random	0.0202	40176	0.0000	1.8095	727	6	10	0.4338	0	0.15
chr1_KI270711v1_random	2.3429	42210	0.0000	75.8090	31999	23	1958	0.4331	2	2.57
chr1_KI270712v1_random	0.1381	176043	0.0000	8.8086	15507	237	270	0.4119	0	0.60
chr1_KI270713v1_random	57.7552	40745	0.0000	40.1620	16364	428	46774	0.5290	0	982.50
chr1_KI270714v1_random	0.2646	41717	0.0000	13.5101	5636	151	74	0.4372	0	0.86
chr2_KI270715v1_random	0.0000	161471	0.0000	0.0000	0	0	0	0.0000	0	0.00
chr2_KI270716v1_random	0.0010	153799	0.0000	0.0969	149	1	2	0.3660	0	0.03
chr3_GL000221v1_random	0.0162	155397	0.0000	1.3797	2144	30	21	0.4588	0	0.15
chr4_GL000008v2_random	0.0248	209709	0.0000	1.2851	2695	60	78	0.3871	0	0.67
chr5_GL000208v1_random	0.0248	92689	0.0000	1.9485	1806	25	21	0.3982	0	0.19
chr9_KI270717v1_random	0.0133	40062	0.0000	1.0484	420	6	7	0.6015	0	0.16
chr9_KI270718v1_random	0.3847	38054	0.0000	12.3351	4694	164	134	0.4925	0	2.79
chr9_KI270719v1_random	0.1057	176845	0.0000	7.5332	13322	107	289	0.4002	0	0.59
chr9_KI270720v1_random	0.2010	39050	0.0000	12.3022	4804	37	133	0.3369	0	0.75
chr11_KI270721v1_random	0.2850	100316	0.0000	12.5812	12621	566	11	0.6320	0	1.04
chr14_GL000009v2_random	0.0167	201709	0.0000	1.4645	2954	32	39	0.4569	0	0.15
chr14_GL000225v1_random	1.2201	211173	0.0000	29.1936	61649	3484	1813	0.4682	0	4.24
chr14_KI270722v1_random	0.0277	194050	0.0000	2.1922	4254	79	33	0.4393	0	0.21
chr14_GL000194v1_random	0.0220	191469	0.0000	1.5898	3044	48	52	0.4303	0	0.25
chr14_KI270723v1_random	0.1515	38115	0.0000	8.7052	3318	33	84	0.4726	0	0.75
chr14_KI270724v1_random	0.1841	39555	0.0000	8.9395	3536	121	27	0.4979	0	1.09
chr14_KI270725v1_random	0.0841	172810	0.0000	3.3563	5800	278	32	0.3520	0	0.75
chr14_KI270726v1_random	0.0713	43739	0.0000	4.4034	1926	51	13	0.4400	0	0.43
chr15_KI270727v1_random	0.2028	448248	0.0000	9.9599	44645	731	1142	0.4507	0	0.98
chr16_KI270728v1_random	0.0827	1872759	0.0000	5.0827	95186	2099	1175	0.4287	0	0.61
chr17_GL000205v2_random	1.9619	185591	0.0000	41.3226	76691	1436	5896	0.4416	0	5.02
chr17_KI270729v1_random	0.0141	280839	0.0000	0.7538	2117	45	59	0.3149	0	0.47
chr17_KI270730v1_random	0.0132	112551	0.0000	0.3199	360	8	42	0.2225	0	0.64
chr22_KI270731v1_random	0.1259	150754	0.0000	8.0005	12061	321	65	0.4924	0	0.60
chr22_KI270732v1_random	0.0279	41543	0.0000	2.3085	959	21	4	0.3848	0	0.19
chr22_KI270733v1_random	4994.7364	179772	0.0000	41.1243	73930	18171279	805	0.5802	0	13583.83
chr22_KI270734v1_random	0.1439	165050	0.0000	7.7873	12853	249	249	0.5196	0	0.70
chr22_KI270735v1_random	0.0237	42811	0.0000	2.0345	871	16	7	0.4179	0	0.18
chr22_KI270736v1_random	0.0100	181920	0.0000	0.5200	946	13	25	0.4226	0	0.17
chr22_KI270737v1_random	0.0077	103838	0.0000	0.7473	776	7	9	0.3934	0	0.09
chr22_KI270738v1_random	0.0133	99375	0.0000	1.0969	1090	14	12	0.3763	0	0.14
chr22_KI270739v1_random	0.0075	73985	0.0000	0.6515	482	9	2	0.4349	0	0.10
chrY_KI270740v1_random	0.0014	37240	0.0000	0.1369	51	0	1	0.4510	0	0.04
chrUn_KI270302v1	0.0000	2274	0.0000	0.0000	0	0	0	0.0000	0	0.00
chrUn_KI270304v1	0.2120	2165	0.0000	12.2402	265	7	2	0.3922	0	0.62
chrUn_KI270303v1	0.1838	1942	0.0000	14.9846	291	5	2	0.3669	0	0.47
chrUn_KI270305v1	0.0000	1472	0.0000	0.0000	0	0	0	0.0000	0	0.00
chrUn_KI270322v1	0.0024	21476	0.0000	0.2375	51	1	0	0.4510	0	0.05
chrUn_KI270320v1	0.0000	4416	0.0000	0.0000	0	0	0	0.0000	0	0.00
chrUn_KI270310v1	0.0849	1201	0.0000	8.4929	102	1	1	0.3824	0	0.28
chrUn_KI270316v1	0.0000	1444	0.0000	0.0000	0	0	0	0.0000	0	0.00
chrUn_KI270315v1	0.0000	2276	0.0000	0.0000	0	0	0	0.0000	0	0.00
chrUn_KI270312v1	0.0000	998	0.0000	0.0000	0	0	0	0.0000	0	0.00
chrUn_KI270311v1	0.0000	12399	0.0000	0.0000	0	0	0	0.0000	0	0.00
chrUn_KI270317v1	0.0000	37690	0.0000	0.0000	0	0	0	0.0000	0	0.00
chrUn_KI270412v1	0.0000	1179	0.0000	0.0000	0	0	0	0.0000	0	0.00
chrUn_KI270411v1	0.0000	2646	0.0000	0.0000	0	0	0	0.0000	0	0.00
chrUn_KI270414v1	0.0000	2489	0.0000	0.0000	0	0	0	0.0000	0	0.00
chrUn_KI270419v1	0.0000	1029	0.0000	0.0000	0	0	0	0.0000	0	0.00
chrUn_KI270418v1	0.0000	2145	0.0000	0.0000	0	0	0	0.0000	0	0.00
chrUn_KI270420v1	0.0000	2321	0.0000	0.0000	0	0	0	0.0000	0	0.00
chrUn_KI270424v1	0.0000	2140	0.0000	0.0000	0	0	0	0.0000	0	0.00
chrUn_KI270417v1	0.0000	2043	0.0000	0.0000	0	0	0	0.0000	0	0.00
chrUn_KI270422v1	0.0000	1445	0.0000	0.0000	0	0	0	0.0000	0	0.00
chrUn_KI270423v1	0.0000	981	0.0000	0.0000	0	0	0	0.0000	0	0.00
chrUn_KI270425v1	0.0000	1884	0.0000	0.0000	0	0	0	0.0000	0	0.00
chrUn_KI270429v1	0.0000	1361	0.0000	0.0000	0	0	0	0.0000	0	0.00
chrUn_KI270442v1	3.4467	392061	0.0000	3.8545	15112	293	28012	0.4230	0	179.19
chrUn_KI270466v1	0.0000	1233	0.0000	0.0000	0	0	0	0.0000	0	0.00
chrUn_KI270465v1	0.0575	1774	0.0000	2.8749	51	2	0	0.3922	0	0.33
chrUn_KI270467v1	0.0497	3920	0.0000	4.9745	195	2	2	0.2157	0	0.22
chrUn_KI270435v1	0.0138	92983	0.0000	1.1755	1093	15	11	0.3862	0	0.14
chrUn_KI270438v1	0.0027	112505	0.0000	0.2569	289	5	2	0.3666	0	0.06
chrUn_KI270468v1	0.0215	4055	0.0000	1.6769	68	0	2	0.3103	0	0.17
chrUn_KI270510v1	0.0000	2415	0.0000	0.0000	0	0	0	0.0000	0	0.00
chrUn_KI270509v1	0.0220	2318	0.0000	2.2002	51	0	1	0.4314	0	0.15
chrUn_KI270518v1	0.0000	2186	0.0000	0.0000	0	0	0	0.0000	0	0.00
chrUn_KI270508v1	0.1732	1951	0.0000	7.3808	144	1	6	0.4123	0	0.78
chrUn_KI270516v1	0.0000	1300	0.0000	0.0000	0	0	0	0.0000	0	0.00
chrUn_KI270512v1	0.0401	22689	0.0000	3.2835	745	9	9	0.4052	0	0.23
chrUn_KI270519v1	0.0095	138126	0.0000	0.8485	1172	10	17	0.3781	0	0.11
chrUn_KI270522v1	0.0000	5674	0.0000	0.0000	0	0	0	0.0000	0	0.00
chrUn_KI270511v1	0.0000	8127	0.0000	0.0000	0	0	0	0.0000	0	0.00
chrUn_KI270515v1	0.0000	6361	0.0000	0.0000	0	0	0	0.0000	0	0.00
chrUn_KI270507v1	0.0000	5353	0.0000	0.0000	0	0	0	0.0000	0	0.00
chrUn_KI270517v1	0.0000	3253	0.0000	0.0000	0	0	0	0.0000	0	0.00
chrUn_KI270529v1	0.0000	1899	0.0000	0.0000	0	0	0	0.0000	0	0.00
chrUn_KI270528v1	0.0000	2983	0.0000	0.0000	0	0	0	0.0000	0	0.00
chrUn_KI270530v1	0.0000	2168	0.0000	0.0000	0	0	0	0.0000	0	0.00
chrUn_KI270539v1	0.0000	993	0.0000	0.0000	0	0	0	0.0000	0	0.00
chrUn_KI270538v1	0.0117	91309	0.0000	0.6341	579	19	2	0.3523	0	0.23
chrUn_KI270544v1	0.2105	1202	0.0000	21.0483	253	5	0	0.3686	0	0.41
chrUn_KI270548v1	0.0000	1599	0.0000	0.0000	0	0	0	0.0000	0	0.00
chrUn_KI270583v1	0.0721	1400	0.0000	7.2143	101	1	1	0.4412	0	0.26
chrUn_KI270587v1	0.0000	2969	0.0000	0.0000	0	0	0	0.0000	0	0.00
chrUn_KI270580v1	0.1256	1553	0.0000	12.5563	195	1	3	0.3869	0	0.33
chrUn_KI270581v1	0.0556	7046	0.0000	5.0099	353	8	0	0.4020	0	0.25
chrUn_KI270579v1	0.0075	31033	0.0000	0.5929	184	2	3	0.3475	0	0.10
chrUn_KI270589v1	0.0067	44474	0.0000	0.4519	201	2	4	0.4216	0	0.11
chrUn_KI270590v1	0.0000	4685	0.0000	0.0000	0	0	0	0.0000	0	0.00
chrUn_KI270584v1	0.0215	4513	0.0000	2.1493	97	1	1	0.3431	0	0.15
chrUn_KI270582v1	0.0443	6504	0.0000	2.8752	187	4	2	0.4965	0	0.30
chrUn_KI270588v1	0.0000	6158	0.0000	0.0000	0	0	0	0.0000	0	0.00
chrUn_KI270593v1	0.0000	3041	0.0000	0.0000	0	0	0	0.0000	0	0.00
chrUn_KI270591v1	0.0000	5796	0.0000	0.0000	0	0	0	0.0000	0	0.00
chrUn_KI270330v1	0.0000	1652	0.0000	0.0000	0	0	0	0.0000	0	0.00
chrUn_KI270329v1	0.0000	1040	0.0000	0.0000	0	0	0	0.0000	0	0.00
chrUn_KI270334v1	0.0000	1368	0.0000	0.0000	0	0	0	0.0000	0	0.00
chrUn_KI270333v1	0.0000	2699	0.0000	0.0000	0	0	0	0.0000	0	0.00
chrUn_KI270335v1	0.0000	1048	0.0000	0.0000	0	0	0	0.0000	0	0.00
chrUn_KI270338v1	0.0000	1428	0.0000	0.0000	0	0	0	0.0000	0	0.00
chrUn_KI270340v1	0.0000	1428	0.0000	0.0000	0	0	0	0.0000	0	0.00
chrUn_KI270336v1	0.0000	1026	0.0000	0.0000	0	0	0	0.0000	0	0.00
chrUn_KI270337v1	0.0000	1121	0.0000	0.0000	0	0	0	0.0000	0	0.00
chrUn_KI270363v1	0.1131	1803	0.0000	11.3145	204	3	1	0.4167	0	0.32
chrUn_KI270364v1	0.0000	2855	0.0000	0.0000	0	0	0	0.0000	0	0.00
chrUn_KI270362v1	0.0000	3530	0.0000	0.0000	0	0	0	0.0000	0	0.00
chrUn_KI270366v1	0.0000	8320	0.0000	0.0000	0	0	0	0.0000	0	0.00
chrUn_KI270378v1	0.0000	1048	0.0000	0.0000	0	0	0	0.0000	0	0.00
chrUn_KI270379v1	0.1455	1045	0.0000	9.6651	101	1	2	0.3922	0	0.47
chrUn_KI270389v1	0.0000	1298	0.0000	0.0000	0	0	0	0.0000	0	0.00
chrUn_KI270390v1	0.0000	2387	0.0000	0.0000	0	0	0	0.0000	0	0.00
chrUn_KI270387v1	0.0000	1537	0.0000	0.0000	0	0	0	0.0000	0	0.00
chrUn_KI270395v1	0.0000	1143	0.0000	0.0000	0	0	0	0.0000	0	0.00
chrUn_KI270396v1	0.0000	1880	0.0000	0.0000	0	0	0	0.0000	0	0.00
chrUn_KI270388v1	0.0000	1216	0.0000	0.0000	0	0	0	0.0000	0	0.00
chrUn_KI270394v1	0.0000	970	0.0000	0.0000	0	0	0	0.0000	0	0.00
chrUn_KI270386v1	0.0000	1788	0.0000	0.0000	0	0	0	0.0000	0	0.00
chrUn_KI270391v1	0.0000	1484	0.0000	0.0000	0	0	0	0.0000	0	0.00
chrUn_KI270383v1	0.0000	1750	0.0000	0.0000	0	0	0	0.0000	0	0.00
chrUn_KI270393v1	0.0000	1308	0.0000	0.0000	0	0	0	0.0000	0	0.00
chrUn_KI270384v1	0.0000	1658	0.0000	0.0000	0	0	0	0.0000	0	0.00
chrUn_KI270392v1	0.0000	971	0.0000	0.0000	0	0	0	0.0000	0	0.00
chrUn_KI270381v1	0.0000	1930	0.0000	0.0000	0	0	0	0.0000	0	0.00
chrUn_KI270385v1	0.0000	990	0.0000	0.0000	0	0	0	0.0000	0	0.00
chrUn_KI270382v1	0.0000	4215	0.0000	0.0000	0	0	0	0.0000	0	0.00
chrUn_KI270376v1	0.0000	1136	0.0000	0.0000	0	0	0	0.0000	0	0.00
chrUn_KI270374v1	0.0000	2656	0.0000	0.0000	0	0	0	0.0000	0	0.00
chrUn_KI270372v1	0.0000	1650	0.0000	0.0000	0	0	0	0.0000	0	0.00
chrUn_KI270373v1	0.0000	1451	0.0000	0.0000	0	0	0	0.0000	0	0.00
chrUn_KI270375v1	0.0000	2378	0.0000	0.0000	0	0	0	0.0000	0	0.00
chrUn_KI270371v1	0.0000	2805	0.0000	0.0000	0	0	0	0.0000	0	0.00
chrUn_KI270448v1	0.0319	7992	0.0000	3.1907	255	0	5	0.4235	0	0.18
chrUn_KI270521v1	0.0267	7642	0.0000	2.0021	153	0	4	0.4167	0	0.20
chrUn_GL000195v1	2.3483	182896	0.0000	49.3499	90259	5646	3020	0.4290	0	4.39
chrUn_GL000219v1	0.6763	179198	0.0000	29.6806	53187	673	1772	0.4218	0	1.85
chrUn_GL000220v1	5475.0488	161802	0.0000	44.6465	72239	17930653	760	0.5806	0	14140.77
chrUn_GL000224v1	0.1864	179693	0.0000	13.0372	23427	641	36	0.4458	0	0.60
chrUn_KI270741v1	0.2279	157432	0.0000	16.8936	26596	638	85	0.4364	0	0.59
chrUn_GL000226v1	0.0000	15008	0.0000	0.0000	0	0	0	0.0000	0	0.00
chrUn_GL000213v1	0.0472	164239	0.0000	2.5810	4239	80	98	0.4174	0	0.45
chrUn_KI270743v1	0.0234	210658	0.0000	1.7104	3603	76	28	0.4890	0	0.21
chrUn_KI270744v1	0.1953	168472	0.0000	9.4378	15900	618	83	0.4046	0	0.94
chrUn_KI270745v1	1.4285	41891	0.0000	56.4560	23650	1210	4	0.4874	1	1.88
chrUn_KI270746v1	0.2147	66486	0.0000	11.4821	7634	197	95	0.3400	0	0.89
chrUn_KI270747v1	0.0047	198735	0.0000	0.4207	836	12	7	0.3764	0	0.08
chrUn_KI270748v1	0.1121	93321	0.0000	6.5119	6077	178	34	0.4811	0	0.72
chrUn_KI270749v1	0.0786	158759	0.0000	3.2004	5081	235	18	0.3639	0	0.70
chrUn_KI270750v1	0.0264	148850	0.0000	2.0141	2998	56	26	0.4385	0	0.21
chrUn_KI270751v1	0.0186	150742	0.0000	1.4462	2180	49	18	0.4115	0	0.22
chrUn_KI270752v1	0.1100	27745	0.0000	0.5767	160	116	3	0.1164	0	3.39
chrUn_KI270753v1	0.3412	62944	0.0000	12.3316	7762	352	96	0.4211	0	1.47
chrUn_KI270754v1	0.0051	40191	0.0000	0.5051	203	2	2	0.5931	0	0.07
chrUn_KI270755v1	0.0485	36723	0.0000	3.8396	1410	30	7	0.4424	0	0.27
chrUn_KI270756v1	0.0004	79590	0.0000	0.0352	28	1	0	0.4286	0	0.02
chrUn_KI270757v1	0.0029	71251	0.0000	0.2147	153	2	2	0.4853	0	0.07
chrUn_GL000214v1	0.0210	137718	0.0000	1.5931	2194	49	18	0.4630	0	0.21
chrUn_KI270742v1	0.0192	186739	0.0000	1.4443	2697	36	41	0.4519	0	0.22
chrUn_GL000216v2	0.5681	176608	0.0000	14.4829	25578	952	1096	0.4616	0	3.14
chrUn_GL000218v1	0.0130	161147	0.0000	1.0549	1700	32	17	0.4597	0	0.17
chrEBV	0.0000	171823	0.0000	0.0000	0	0	0	0.0000	0	0.00
