#ID	Avg_fold	Length	Ref_GC	Covered_percent	Covered_bases	Plus_reads	Minus_reads	Read_GC	Median_fold	Std_Dev
chr1	0.5868	248956422	0.0000	13.7618	34260931	1329525	1644865	0.4606	0	75.41
chr2	0.3592	242193529	0.0000	12.3554	29924038	869518	912560	0.4252	0	30.12
chr3	0.3407	198295559	0.0000	11.4706	22745677	812667	565059	0.4364	0	38.14
chr4	0.2262	190214555	0.0000	8.4108	15998631	482943	412802	0.4059	0	15.57
chr5	0.4027	181538259	0.0000	12.1244	22010496	865900	630300	0.4146	0	22.35
chr6	0.4053	170805979	0.0000	11.7680	20100473	797220	617092	0.4437	0	31.63
chr7	0.3346	159345973	0.0000	12.3761	19720753	589929	506071	0.4322	0	4.46
chr8	0.3295	145138636	0.0000	9.6837	14054737	379951	601501	0.4467	0	62.87
chr9	0.3374	138394717	0.0000	10.7394	14862707	581757	374588	0.4556	0	39.87
chr10	0.3306	133797422	0.0000	13.0463	17455576	513588	393472	0.4188	0	3.21
chr11	0.4138	135086622	0.0000	11.6273	15706991	690767	454430	0.4368	0	46.55
chr12	0.5124	133275309	0.0000	13.4908	17979864	858104	537446	0.4632	0	82.54
chr13	0.2246	114364328	0.0000	8.0072	9157325	235034	288900	0.4074	0	9.94
chr14	0.5124	107043718	0.0000	11.4300	12235127	612580	501295	0.4946	0	73.88
chr15	0.3397	101991189	0.0000	12.8724	13128699	389704	319140	0.4243	0	7.15
chr16	0.5564	90338345	0.0000	15.2581	13783898	534274	495879	0.4697	0	19.16
chr17	0.7872	83257441	0.0000	20.8852	17388483	680840	672894	0.4696	0	41.90
chr18	0.2331	80373285	0.0000	9.3176	7488833	216770	173335	0.4047	0	4.72
chr19	0.7098	58617616	0.0000	22.8111	13371326	531800	321711	0.4995	0	30.61
chr20	0.4146	64444167	0.0000	12.7812	8236715	252537	296850	0.4517	0	43.99
chr21	34.9634	46709983	0.0000	10.5886	4945951	33021323	138219	0.5761	0	1176.21
chr22	0.4421	50818468	0.0000	14.8164	7529478	256136	203775	0.4837	0	12.07
chrX	0.1858	156040895	0.0000	6.8296	10656892	364293	238411	0.4331	0	27.67
chrY	0.0398	57227415	0.0000	1.4484	828875	41773	12599	0.3830	0	7.45
chrM	1666.9875	16569	0.0000	99.9457	16560	511382	47475	0.4238	906	2259.40
chr1_KI270706v1_random	0.0124	175055	0.0000	0.8483	1485	24	22	0.4616	0	0.15
chr1_KI270707v1_random	0.0283	32032	0.0000	2.3945	767	10	9	0.4083	0	0.20
chr1_KI270708v1_random	0.0289	127682	0.0000	2.2070	2818	59	16	0.4363	0	0.22
chr1_KI270709v1_random	0.0157	66860	0.0000	1.1771	787	12	9	0.3612	0	0.16
chr1_KI270710v1_random	0.0170	40176	0.0000	1.1176	449	11	3	0.4203	0	0.17
chr1_KI270711v1_random	2.6321	42210	0.0000	71.5944	30220	10	2218	0.4131	2	3.67
chr1_KI270712v1_random	0.1653	176043	0.0000	7.7356	13618	214	382	0.3668	0	1.15
chr1_KI270713v1_random	40.9765	40745	0.0000	33.3489	13588	345	33279	0.5248	0	626.86
chr1_KI270714v1_random	0.2250	41717	0.0000	8.9939	3752	134	55	0.4057	0	0.95
chr2_KI270715v1_random	0.0000	161471	0.0000	0.0000	0	0	0	0.0000	0	0.00
chr2_KI270716v1_random	0.0003	153799	0.0000	0.0306	47	0	1	0.3333	0	0.02
chr3_GL000221v1_random	0.0227	155397	0.0000	1.5837	2461	36	35	0.4367	0	0.22
chr4_GL000008v2_random	0.0203	209709	0.0000	1.2999	2726	60	32	0.4287	0	0.22
chr5_GL000208v1_random	0.0240	92689	0.0000	1.7801	1650	14	30	0.3924	0	0.20
chr9_KI270717v1_random	0.0099	40062	0.0000	0.6016	241	6	4	0.6366	0	0.18
chr9_KI270718v1_random	0.4833	38054	0.0000	9.4418	3593	178	197	0.5214	0	4.61
chr9_KI270719v1_random	0.1778	176845	0.0000	11.0922	19616	67	578	0.3574	0	0.63
chr9_KI270720v1_random	0.2410	39050	0.0000	12.0179	4693	22	176	0.3481	0	0.95
chr11_KI270721v1_random	0.3156	100316	0.0000	12.0340	12072	632	14	0.6362	0	1.49
chr14_GL000009v2_random	0.0113	201709	0.0000	0.8527	1720	28	22	0.4485	0	0.13
chr14_GL000225v1_random	0.0309	211173	0.0000	2.1745	4592	88	45	0.4641	0	0.23
chr14_KI270722v1_random	0.0263	194050	0.0000	1.8676	3624	80	24	0.4194	0	0.22
chr14_GL000194v1_random	0.0205	191469	0.0000	1.4613	2798	33	52	0.4493	0	0.19
chr14_KI270723v1_random	0.0273	38115	0.0000	1.9362	738	14	8	0.4487	0	0.22
chr14_KI270724v1_random	0.0612	39555	0.0000	2.7557	1090	37	14	0.5269	0	0.69
chr14_KI270725v1_random	0.1142	172810	0.0000	3.1595	5460	373	28	0.3191	0	1.17
chr14_KI270726v1_random	0.0987	43739	0.0000	4.1610	1820	65	25	0.4486	0	0.64
chr15_KI270727v1_random	0.1723	448248	0.0000	7.9251	35524	535	1041	0.4456	0	0.97
chr16_KI270728v1_random	0.0814	1872759	0.0000	4.3292	81076	2005	1130	0.4066	0	0.59
chr17_GL000205v2_random	2.3663	185591	0.0000	41.9649	77883	1320	7537	0.4155	0	5.43
chr17_KI270729v1_random	0.0080	280839	0.0000	0.4999	1404	38	9	0.3752	0	0.14
chr17_KI270730v1_random	0.0014	112551	0.0000	0.1137	128	2	2	0.2566	0	0.04
chr22_KI270731v1_random	0.1532	150754	0.0000	7.9666	12010	390	84	0.4721	0	0.98
chr22_KI270732v1_random	0.0204	41543	0.0000	1.8270	759	13	5	0.3653	0	0.16
chr22_KI270733v1_random	4727.0528	179772	0.0000	38.1578	68597	17251381	686	0.5776	0	13292.73
chr22_KI270734v1_random	0.1619	165050	0.0000	8.5035	14035	263	288	0.5356	0	0.84
chr22_KI270735v1_random	0.0136	42811	0.0000	1.1329	485	6	7	0.3333	0	0.14
chr22_KI270736v1_random	0.0029	181920	0.0000	0.1918	349	1	10	0.4696	0	0.08
chr22_KI270737v1_random	0.0089	103838	0.0000	0.5191	539	5	14	0.3419	0	0.15
chr22_KI270738v1_random	0.0118	99375	0.0000	0.8775	872	16	8	0.3918	0	0.14
chr22_KI270739v1_random	0.0088	73985	0.0000	0.3785	280	11	2	0.3710	0	0.19
chrY_KI270740v1_random	0.0000	37240	0.0000	0.0000	0	0	0	0.0000	0	0.00
chrUn_KI270302v1	0.0000	2274	0.0000	0.0000	0	0	0	0.0000	0	0.00
chrUn_KI270304v1	0.0453	2165	0.0000	4.5266	98	1	1	0.4216	0	0.21
chrUn_KI270303v1	0.0000	1942	0.0000	0.0000	0	0	0	0.0000	0	0.00
chrUn_KI270305v1	0.0000	1472	0.0000	0.0000	0	0	0	0.0000	0	0.00
chrUn_KI270322v1	0.0023	21476	0.0000	0.2328	50	1	0	0.5000	0	0.05
chrUn_KI270320v1	0.0000	4416	0.0000	0.0000	0	0	0	0.0000	0	0.00
chrUn_KI270310v1	0.1232	1201	0.0000	10.4080	125	1	2	0.3595	0	0.38
chrUn_KI270316v1	0.0000	1444	0.0000	0.0000	0	0	0	0.0000	0	0.00
chrUn_KI270315v1	0.0000	2276	0.0000	0.0000	0	0	0	0.0000	0	0.00
chrUn_KI270312v1	0.0000	998	0.0000	0.0000	0	0	0	0.0000	0	0.00
chrUn_KI270311v1	0.0000	12399	0.0000	0.0000	0	0	0	0.0000	0	0.00
chrUn_KI270317v1	0.0000	37690	0.0000	0.0000	0	0	0	0.0000	0	0.00
chrUn_KI270412v1	0.0000	1179	0.0000	0.0000	0	0	0	0.0000	0	0.00
chrUn_KI270411v1	0.0000	2646	0.0000	0.0000	0	0	0	0.0000	0	0.00
chrUn_KI270414v1	0.0000	2489	0.0000	0.0000	0	0	0	0.0000	0	0.00
chrUn_KI270419v1	0.0000	1029	0.0000	0.0000	0	0	0	0.0000	0	0.00
chrUn_KI270418v1	0.0000	2145	0.0000	0.0000	0	0	0	0.0000	0	0.00
chrUn_KI270420v1	0.0000	2321	0.0000	0.0000	0	0	0	0.0000	0	0.00
chrUn_KI270424v1	0.0000	2140	0.0000	0.0000	0	0	0	0.0000	0	0.00
chrUn_KI270417v1	0.0000	2043	0.0000	0.0000	0	0	0	0.0000	0	0.00
chrUn_KI270422v1	0.0000	1445	0.0000	0.0000	0	0	0	0.0000	0	0.00
chrUn_KI270423v1	0.0000	981	0.0000	0.0000	0	0	0	0.0000	0	0.00
chrUn_KI270425v1	0.0000	1884	0.0000	0.0000	0	0	0	0.0000	0	0.00
chrUn_KI270429v1	0.0000	1361	0.0000	0.0000	0	0	0	0.0000	0	0.00
chrUn_KI270442v1	3.6159	392061	0.0000	2.1356	8373	137	29631	0.4137	0	191.20
chrUn_KI270466v1	0.0000	1233	0.0000	0.0000	0	0	0	0.0000	0	0.00
chrUn_KI270465v1	0.0000	1774	0.0000	0.0000	0	0	0	0.0000	0	0.00
chrUn_KI270467v1	0.0122	3920	0.0000	1.2245	48	1	0	0.2157	0	0.11
chrUn_KI270435v1	0.0200	92983	0.0000	1.1174	1039	16	21	0.3621	0	0.23
chrUn_KI270438v1	0.0031	112505	0.0000	0.2151	242	3	4	0.3894	0	0.07
chrUn_KI270468v1	0.0000	4055	0.0000	0.0000	0	0	0	0.0000	0	0.00
chrUn_KI270510v1	0.0000	2415	0.0000	0.0000	0	0	0	0.0000	0	0.00
chrUn_KI270509v1	0.0000	2318	0.0000	0.0000	0	0	0	0.0000	0	0.00
chrUn_KI270518v1	0.0000	2186	0.0000	0.0000	0	0	0	0.0000	0	0.00
chrUn_KI270508v1	0.0523	1951	0.0000	5.2281	102	1	1	0.4412	0	0.22
chrUn_KI270516v1	0.0000	1300	0.0000	0.0000	0	0	0	0.0000	0	0.00
chrUn_KI270512v1	0.0304	22689	0.0000	1.6969	385	7	7	0.3512	0	0.27
chrUn_KI270519v1	0.0083	138126	0.0000	0.7276	1005	14	9	0.3906	0	0.10
chrUn_KI270522v1	0.0000	5674	0.0000	0.0000	0	0	0	0.0000	0	0.00
chrUn_KI270511v1	0.0000	8127	0.0000	0.0000	0	0	0	0.0000	0	0.00
chrUn_KI270515v1	0.0000	6361	0.0000	0.0000	0	0	0	0.0000	0	0.00
chrUn_KI270507v1	0.0000	5353	0.0000	0.0000	0	0	0	0.0000	0	0.00
chrUn_KI270517v1	0.0157	3253	0.0000	1.5678	51	1	0	0.3137	0	0.12
chrUn_KI270529v1	0.0000	1899	0.0000	0.0000	0	0	0	0.0000	0	0.00
chrUn_KI270528v1	0.0000	2983	0.0000	0.0000	0	0	0	0.0000	0	0.00
chrUn_KI270530v1	0.0000	2168	0.0000	0.0000	0	0	0	0.0000	0	0.00
chrUn_KI270539v1	0.1027	993	0.0000	10.2719	102	1	1	0.8235	0	0.30
chrUn_KI270538v1	0.0106	91309	0.0000	0.5323	486	19	1	0.3479	0	0.21
chrUn_KI270544v1	0.1265	1202	0.0000	12.6456	152	3	0	0.3660	0	0.33
chrUn_KI270548v1	0.0000	1599	0.0000	0.0000	0	0	0	0.0000	0	0.00
chrUn_KI270583v1	0.0000	1400	0.0000	0.0000	0	0	0	0.0000	0	0.00
chrUn_KI270587v1	0.0000	2969	0.0000	0.0000	0	0	0	0.0000	0	0.00
chrUn_KI270580v1	0.0000	1553	0.0000	0.0000	0	0	0	0.0000	0	0.00
chrUn_KI270581v1	0.0142	7046	0.0000	1.4192	100	1	1	0.5196	0	0.12
chrUn_KI270579v1	0.0099	31033	0.0000	0.6864	213	1	5	0.3595	0	0.13
chrUn_KI270589v1	0.0057	44474	0.0000	0.3755	167	0	5	0.3976	0	0.11
chrUn_KI270590v1	0.0000	4685	0.0000	0.0000	0	0	0	0.0000	0	0.00
chrUn_KI270584v1	0.0000	4513	0.0000	0.0000	0	0	0	0.0000	0	0.00
chrUn_KI270582v1	0.0392	6504	0.0000	2.3524	153	4	1	0.4667	0	0.29
chrUn_KI270588v1	0.0083	6158	0.0000	0.8282	51	0	1	0.3137	0	0.09
chrUn_KI270593v1	0.0000	3041	0.0000	0.0000	0	0	0	0.0000	0	0.00
chrUn_KI270591v1	0.0000	5796	0.0000	0.0000	0	0	0	0.0000	0	0.00
chrUn_KI270330v1	0.0000	1652	0.0000	0.0000	0	0	0	0.0000	0	0.00
chrUn_KI270329v1	0.0000	1040	0.0000	0.0000	0	0	0	0.0000	0	0.00
chrUn_KI270334v1	0.0000	1368	0.0000	0.0000	0	0	0	0.0000	0	0.00
chrUn_KI270333v1	0.0000	2699	0.0000	0.0000	0	0	0	0.0000	0	0.00
chrUn_KI270335v1	0.0000	1048	0.0000	0.0000	0	0	0	0.0000	0	0.00
chrUn_KI270338v1	0.0000	1428	0.0000	0.0000	0	0	0	0.0000	0	0.00
chrUn_KI270340v1	0.0000	1428	0.0000	0.0000	0	0	0	0.0000	0	0.00
chrUn_KI270336v1	0.0000	1026	0.0000	0.0000	0	0	0	0.0000	0	0.00
chrUn_KI270337v1	0.0000	1121	0.0000	0.0000	0	0	0	0.0000	0	0.00
chrUn_KI270363v1	0.0849	1803	0.0000	5.6572	102	2	1	0.3791	0	0.37
chrUn_KI270364v1	0.0000	2855	0.0000	0.0000	0	0	0	0.0000	0	0.00
chrUn_KI270362v1	0.0000	3530	0.0000	0.0000	0	0	0	0.0000	0	0.00
chrUn_KI270366v1	0.0053	8320	0.0000	0.5288	44	1	0	0.3529	0	0.07
chrUn_KI270378v1	0.0000	1048	0.0000	0.0000	0	0	0	0.0000	0	0.00
chrUn_KI270379v1	0.0488	1045	0.0000	4.8804	51	1	0	0.3922	0	0.22
chrUn_KI270389v1	0.0000	1298	0.0000	0.0000	0	0	0	0.0000	0	0.00
chrUn_KI270390v1	0.0000	2387	0.0000	0.0000	0	0	0	0.0000	0	0.00
chrUn_KI270387v1	0.0000	1537	0.0000	0.0000	0	0	0	0.0000	0	0.00
chrUn_KI270395v1	0.0000	1143	0.0000	0.0000	0	0	0	0.0000	0	0.00
chrUn_KI270396v1	0.0000	1880	0.0000	0.0000	0	0	0	0.0000	0	0.00
chrUn_KI270388v1	0.0000	1216	0.0000	0.0000	0	0	0	0.0000	0	0.00
chrUn_KI270394v1	0.0000	970	0.0000	0.0000	0	0	0	0.0000	0	0.00
chrUn_KI270386v1	0.0000	1788	0.0000	0.0000	0	0	0	0.0000	0	0.00
chrUn_KI270391v1	0.0000	1484	0.0000	0.0000	0	0	0	0.0000	0	0.00
chrUn_KI270383v1	0.0000	1750	0.0000	0.0000	0	0	0	0.0000	0	0.00
chrUn_KI270393v1	0.0000	1308	0.0000	0.0000	0	0	0	0.0000	0	0.00
chrUn_KI270384v1	0.0000	1658	0.0000	0.0000	0	0	0	0.0000	0	0.00
chrUn_KI270392v1	0.0000	971	0.0000	0.0000	0	0	0	0.0000	0	0.00
chrUn_KI270381v1	0.0000	1930	0.0000	0.0000	0	0	0	0.0000	0	0.00
chrUn_KI270385v1	0.0000	990	0.0000	0.0000	0	0	0	0.0000	0	0.00
chrUn_KI270382v1	0.0000	4215	0.0000	0.0000	0	0	0	0.0000	0	0.00
chrUn_KI270376v1	0.0000	1136	0.0000	0.0000	0	0	0	0.0000	0	0.00
chrUn_KI270374v1	0.0000	2656	0.0000	0.0000	0	0	0	0.0000	0	0.00
chrUn_KI270372v1	0.0000	1650	0.0000	0.0000	0	0	0	0.0000	0	0.00
chrUn_KI270373v1	0.0351	1451	0.0000	3.5148	51	1	0	0.2941	0	0.18
chrUn_KI270375v1	0.0000	2378	0.0000	0.0000	0	0	0	0.0000	0	0.00
chrUn_KI270371v1	0.0000	2805	0.0000	0.0000	0	0	0	0.0000	0	0.00
chrUn_KI270448v1	0.0000	7992	0.0000	0.0000	0	0	0	0.0000	0	0.00
chrUn_KI270521v1	0.0239	7642	0.0000	1.5964	122	3	1	0.6203	0	0.21
chrUn_GL000195v1	2.8816	182896	0.0000	51.9394	94995	6834	3806	0.4011	1	5.09
chrUn_GL000219v1	0.7119	179198	0.0000	26.0935	46759	606	1976	0.4133	0	2.35
chrUn_GL000220v1	5188.0052	161802	0.0000	40.4785	65495	17043421	656	0.5779	0	13835.57
chrUn_GL000224v1	0.1606	179693	0.0000	10.0238	18012	565	16	0.4285	0	0.60
chrUn_KI270741v1	0.1983	157432	0.0000	12.6937	19984	563	66	0.4236	0	0.64
chrUn_GL000226v1	0.0000	15008	0.0000	0.0000	0	0	0	0.0000	0	0.00
chrUn_GL000213v1	0.0344	164239	0.0000	2.2735	3734	60	61	0.4369	0	0.28
chrUn_KI270743v1	0.0189	210658	0.0000	1.3652	2876	61	21	0.4311	0	0.18
chrUn_KI270744v1	0.2951	168472	0.0000	10.3934	17510	957	53	0.3991	0	1.13
chrUn_KI270745v1	1.2309	41891	0.0000	52.7058	22079	1039	7	0.4664	1	1.83
chrUn_KI270746v1	0.3060	66486	0.0000	11.2475	7478	315	105	0.3334	0	1.44
chrUn_KI270747v1	0.0020	198735	0.0000	0.2018	401	3	5	0.3824	0	0.04
chrUn_KI270748v1	0.1001	93321	0.0000	4.9699	4638	163	26	0.5023	0	0.78
chrUn_KI270749v1	0.1119	158759	0.0000	3.1847	5056	335	22	0.3194	0	1.17
chrUn_KI270750v1	0.0295	148850	0.0000	2.1357	3179	59	35	0.4406	0	0.22
chrUn_KI270751v1	0.0195	150742	0.0000	1.4913	2248	30	32	0.4034	0	0.18
chrUn_KI270752v1	0.0540	27745	0.0000	0.2847	79	55	2	0.1228	0	1.65
chrUn_KI270753v1	0.0245	62944	0.0000	1.8429	1160	28	6	0.4386	0	0.21
chrUn_KI270754v1	0.0013	40191	0.0000	0.1269	51	0	1	0.5882	0	0.04
chrUn_KI270755v1	0.0129	36723	0.0000	0.8823	324	7	3	0.4682	0	0.17
chrUn_KI270756v1	0.0006	79590	0.0000	0.0628	50	1	0	0.3725	0	0.03
chrUn_KI270757v1	0.0043	71251	0.0000	0.2849	203	4	2	0.3497	0	0.08
chrUn_GL000214v1	0.0196	137718	0.0000	1.4987	2064	49	12	0.4074	0	0.18
chrUn_KI270742v1	0.0168	186739	0.0000	1.0855	2027	33	36	0.4363	0	0.23
chrUn_GL000216v2	0.0257	176608	0.0000	1.6296	2878	40	52	0.4106	0	0.24
chrUn_GL000218v1	0.0147	161147	0.0000	0.9265	1493	26	28	0.4066	0	0.21
chrEBV	0.0000	171823	0.0000	0.0000	0	0	0	0.0000	0	0.00
