#ID	Avg_fold	Length	Ref_GC	Covered_percent	Covered_bases	Plus_reads	Minus_reads	Read_GC	Median_fold	Std_Dev
chr1	0.5415	248956422	0.0000	14.1789	35299171	1331872	1434760	0.4782	0	70.63
chr2	0.3185	242193529	0.0000	12.4377	30123254	835118	767929	0.4505	0	24.97
chr3	0.3154	198295559	0.0000	11.6044	23011045	786053	500100	0.4671	0	40.25
chr4	0.1982	190214555	0.0000	8.3354	15855063	465077	351527	0.4283	0	15.36
chr5	0.3550	181538259	0.0000	12.2861	22303962	784618	557303	0.4404	0	21.58
chr6	0.3805	170805979	0.0000	11.7480	20066238	775485	568027	0.4696	0	33.74
chr7	0.3181	159345973	0.0000	12.8095	20411411	591736	473270	0.4606	0	7.10
chr8	0.3138	145138636	0.0000	9.8446	14288350	400144	557282	0.4656	0	63.32
chr9	0.3247	138394717	0.0000	11.2287	15539905	565282	357791	0.4878	0	43.57
chr10	0.3183	133797422	0.0000	13.6903	18317319	515895	376607	0.4453	0	5.86
chr11	0.3775	135086622	0.0000	12.0796	16317866	642871	416098	0.4601	0	38.79
chr12	0.4942	133275309	0.0000	13.8339	18437239	866027	486632	0.4898	0	81.87
chr13	0.1961	114364328	0.0000	8.0604	9218218	216244	247513	0.4329	0	7.56
chr14	0.5462	107043718	0.0000	11.6438	12464008	665622	520943	0.5294	0	88.92
chr15	0.3116	101991189	0.0000	13.1604	13422448	372027	289347	0.4515	0	5.79
chr16	0.5532	90338345	0.0000	16.6369	15029511	556557	478282	0.4978	0	22.66
chr17	0.7965	83257441	0.0000	22.7204	18916407	706207	667603	0.4918	0	39.56
chr18	0.2160	80373285	0.0000	9.4106	7563593	217094	158409	0.4262	0	12.83
chr19	0.7541	58617616	0.0000	25.5543	14979342	562900	349830	0.5226	0	23.94
chr20	0.3885	64444167	0.0000	13.5971	8762551	254979	263401	0.4751	0	34.06
chr21	29.4839	46709983	0.0000	10.7950	5042358	27660349	125444	0.5835	0	1117.85
chr22	0.4585	50818468	0.0000	16.5785	8424919	270320	207084	0.5088	0	11.82
chrX	0.1740	156040895	0.0000	7.0390	10983688	356787	220673	0.4502	0	25.70
chrY	0.0648	57227415	0.0000	2.0126	1151744	78164	21854	0.3611	0	17.85
chrM	1446.2630	16569	0.0000	99.9517	16561	430816	49071	0.4353	940	1555.60
chr1_KI270706v1_random	0.0113	175055	0.0000	1.0128	1773	19	23	0.4242	0	0.12
chr1_KI270707v1_random	0.0171	32032	0.0000	1.7108	548	9	2	0.4763	0	0.13
chr1_KI270708v1_random	0.0228	127682	0.0000	1.9502	2490	47	15	0.4437	0	0.18
chr1_KI270709v1_random	0.0065	66860	0.0000	0.6491	434	8	1	0.3661	0	0.08
chr1_KI270710v1_random	0.0110	40176	0.0000	0.7990	321	2	7	0.4707	0	0.14
chr1_KI270711v1_random	2.4150	42210	0.0000	75.8896	32033	8	2022	0.4341	2	2.57
chr1_KI270712v1_random	0.1362	176043	0.0000	8.0980	14256	227	270	0.4237	0	0.66
chr1_KI270713v1_random	43.3452	40745	0.0000	35.8670	14614	319	34942	0.5287	0	650.61
chr1_KI270714v1_random	0.1476	41717	0.0000	9.1234	3806	90	34	0.4481	0	0.57
chr2_KI270715v1_random	0.0000	161471	0.0000	0.0000	0	0	0	0.0000	0	0.00
chr2_KI270716v1_random	0.0000	153799	0.0000	0.0000	0	0	0	0.0000	0	0.00
chr3_GL000221v1_random	0.0146	155397	0.0000	1.2478	1939	25	22	0.4393	0	0.14
chr4_GL000008v2_random	0.0253	209709	0.0000	1.4167	2971	54	80	0.4200	0	0.60
chr5_GL000208v1_random	0.0239	92689	0.0000	1.7370	1610	22	22	0.4052	0	0.20
chr9_KI270717v1_random	0.0194	40062	0.0000	1.5601	625	10	8	0.5732	0	0.20
chr9_KI270718v1_random	0.4050	38054	0.0000	8.4038	3198	122	188	0.5551	0	4.47
chr9_KI270719v1_random	0.1383	176845	0.0000	8.9785	15878	88	419	0.3939	0	0.64
chr9_KI270720v1_random	0.1399	39050	0.0000	8.7913	3433	20	97	0.3575	0	0.66
chr11_KI270721v1_random	0.3608	100316	0.0000	15.0146	15062	715	13	0.6409	0	1.70
chr14_GL000009v2_random	0.0104	201709	0.0000	0.7759	1565	26	19	0.4641	0	0.13
chr14_GL000225v1_random	0.0250	211173	0.0000	2.0116	4248	83	28	0.4958	0	0.20
chr14_KI270722v1_random	0.0205	194050	0.0000	1.6527	3207	58	25	0.4312	0	0.18
chr14_GL000194v1_random	0.0194	191469	0.0000	1.3428	2571	44	38	0.4658	0	0.21
chr14_KI270723v1_random	0.0224	38115	0.0000	1.7998	686	5	13	0.4480	0	0.17
chr14_KI270724v1_random	0.0670	39555	0.0000	2.8618	1132	37	18	0.5199	0	0.68
chr14_KI270725v1_random	0.0589	172810	0.0000	2.3390	4042	206	7	0.3610	0	0.60
chr14_KI270726v1_random	0.1027	43739	0.0000	5.5008	2406	68	24	0.4593	0	0.60
chr15_KI270727v1_random	0.1646	448248	0.0000	8.1435	36503	616	895	0.4821	0	0.85
chr16_KI270728v1_random	0.0584	1872759	0.0000	3.4940	65435	1374	923	0.4355	0	0.53
chr17_GL000205v2_random	2.0822	185591	0.0000	42.6799	79210	1232	6484	0.4424	0	5.00
chr17_KI270729v1_random	0.0092	280839	0.0000	0.5217	1465	27	41	0.3210	0	0.33
chr17_KI270730v1_random	0.0106	112551	0.0000	0.2763	311	5	36	0.2204	0	0.53
chr22_KI270731v1_random	0.1330	150754	0.0000	8.1756	12325	335	73	0.5144	0	0.59
chr22_KI270732v1_random	0.0246	41543	0.0000	2.0172	838	14	9	0.3941	0	0.18
chr22_KI270733v1_random	3944.6163	179772	0.0000	40.9552	73626	14304516	599	0.5848	0	12629.74
chr22_KI270734v1_random	0.1943	165050	0.0000	9.7873	16154	322	341	0.5538	0	1.17
chr22_KI270735v1_random	0.0035	42811	0.0000	0.3527	151	0	4	0.3882	0	0.06
chr22_KI270736v1_random	0.0035	181920	0.0000	0.2479	451	3	10	0.4585	0	0.09
chr22_KI270737v1_random	0.0084	103838	0.0000	0.5894	612	9	9	0.3634	0	0.12
chr22_KI270738v1_random	0.0036	99375	0.0000	0.3582	356	5	2	0.4314	0	0.06
chr22_KI270739v1_random	0.0107	73985	0.0000	0.9218	682	15	1	0.3888	0	0.12
chrY_KI270740v1_random	0.0068	37240	0.0000	0.6767	252	1	4	0.4392	0	0.08
chrUn_KI270302v1	0.0000	2274	0.0000	0.0000	0	0	0	0.0000	0	0.00
chrUn_KI270304v1	0.0467	2165	0.0000	4.6651	101	2	0	0.3824	0	0.21
chrUn_KI270303v1	0.1045	1942	0.0000	6.3337	123	3	1	0.3971	0	0.45
chrUn_KI270305v1	0.0000	1472	0.0000	0.0000	0	0	0	0.0000	0	0.00
chrUn_KI270322v1	0.0000	21476	0.0000	0.0000	0	0	0	0.0000	0	0.00
chrUn_KI270320v1	0.0000	4416	0.0000	0.0000	0	0	0	0.0000	0	0.00
chrUn_KI270310v1	0.0824	1201	0.0000	8.2431	99	0	2	0.3824	0	0.27
chrUn_KI270316v1	0.0000	1444	0.0000	0.0000	0	0	0	0.0000	0	0.00
chrUn_KI270315v1	0.0000	2276	0.0000	0.0000	0	0	0	0.0000	0	0.00
chrUn_KI270312v1	0.0000	998	0.0000	0.0000	0	0	0	0.0000	0	0.00
chrUn_KI270311v1	0.0000	12399	0.0000	0.0000	0	0	0	0.0000	0	0.00
chrUn_KI270317v1	0.0000	37690	0.0000	0.0000	0	0	0	0.0000	0	0.00
chrUn_KI270412v1	0.0000	1179	0.0000	0.0000	0	0	0	0.0000	0	0.00
chrUn_KI270411v1	0.0000	2646	0.0000	0.0000	0	0	0	0.0000	0	0.00
chrUn_KI270414v1	0.0000	2489	0.0000	0.0000	0	0	0	0.0000	0	0.00
chrUn_KI270419v1	0.0000	1029	0.0000	0.0000	0	0	0	0.0000	0	0.00
chrUn_KI270418v1	0.0000	2145	0.0000	0.0000	0	0	0	0.0000	0	0.00
chrUn_KI270420v1	0.0000	2321	0.0000	0.0000	0	0	0	0.0000	0	0.00
chrUn_KI270424v1	0.0000	2140	0.0000	0.0000	0	0	0	0.0000	0	0.00
chrUn_KI270417v1	0.0000	2043	0.0000	0.0000	0	0	0	0.0000	0	0.00
chrUn_KI270422v1	0.0000	1445	0.0000	0.0000	0	0	0	0.0000	0	0.00
chrUn_KI270423v1	0.0000	981	0.0000	0.0000	0	0	0	0.0000	0	0.00
chrUn_KI270425v1	0.0000	1884	0.0000	0.0000	0	0	0	0.0000	0	0.00
chrUn_KI270429v1	0.0000	1361	0.0000	0.0000	0	0	0	0.0000	0	0.00
chrUn_KI270442v1	2.6544	392061	0.0000	1.8862	7395	109	21374	0.4238	0	142.43
chrUn_KI270466v1	0.0000	1233	0.0000	0.0000	0	0	0	0.0000	0	0.00
chrUn_KI270465v1	0.0000	1774	0.0000	0.0000	0	0	0	0.0000	0	0.00
chrUn_KI270467v1	0.0117	3920	0.0000	1.1735	46	0	1	0.2826	0	0.11
chrUn_KI270435v1	0.0193	92983	0.0000	1.3078	1216	17	19	0.3832	0	0.20
chrUn_KI270438v1	0.0048	112505	0.0000	0.3564	401	6	5	0.3807	0	0.08
chrUn_KI270468v1	0.0000	4055	0.0000	0.0000	0	0	0	0.0000	0	0.00
chrUn_KI270510v1	0.0000	2415	0.0000	0.0000	0	0	0	0.0000	0	0.00
chrUn_KI270509v1	0.0000	2318	0.0000	0.0000	0	0	0	0.0000	0	0.00
chrUn_KI270518v1	0.0000	2186	0.0000	0.0000	0	0	0	0.0000	0	0.00
chrUn_KI270508v1	0.1035	1951	0.0000	10.3537	202	0	4	0.4109	0	0.30
chrUn_KI270516v1	0.0000	1300	0.0000	0.0000	0	0	0	0.0000	0	0.00
chrUn_KI270512v1	0.0249	22689	0.0000	1.8291	415	6	6	0.4145	0	0.20
chrUn_KI270519v1	0.0069	138126	0.0000	0.6262	865	11	9	0.3959	0	0.09
chrUn_KI270522v1	0.0000	5674	0.0000	0.0000	0	0	0	0.0000	0	0.00
chrUn_KI270511v1	0.0000	8127	0.0000	0.0000	0	0	0	0.0000	0	0.00
chrUn_KI270515v1	0.0000	6361	0.0000	0.0000	0	0	0	0.0000	0	0.00
chrUn_KI270507v1	0.0000	5353	0.0000	0.0000	0	0	0	0.0000	0	0.00
chrUn_KI270517v1	0.0000	3253	0.0000	0.0000	0	0	0	0.0000	0	0.00
chrUn_KI270529v1	0.0000	1899	0.0000	0.0000	0	0	0	0.0000	0	0.00
chrUn_KI270528v1	0.0000	2983	0.0000	0.0000	0	0	0	0.0000	0	0.00
chrUn_KI270530v1	0.0000	2168	0.0000	0.0000	0	0	0	0.0000	0	0.00
chrUn_KI270539v1	0.0453	993	0.0000	4.5317	45	0	1	0.7843	0	0.21
chrUn_KI270538v1	0.0088	91309	0.0000	0.4720	431	13	3	0.4301	0	0.15
chrUn_KI270544v1	0.0424	1202	0.0000	4.2429	51	1	0	0.4902	0	0.20
chrUn_KI270548v1	0.0000	1599	0.0000	0.0000	0	0	0	0.0000	0	0.00
chrUn_KI270583v1	0.0343	1400	0.0000	3.4286	48	1	0	0.4167	0	0.18
chrUn_KI270587v1	0.0000	2969	0.0000	0.0000	0	0	0	0.0000	0	0.00
chrUn_KI270580v1	0.0000	1553	0.0000	0.0000	0	0	0	0.0000	0	0.00
chrUn_KI270581v1	0.0142	7046	0.0000	1.4192	100	2	0	0.3922	0	0.12
chrUn_KI270579v1	0.0049	31033	0.0000	0.4898	152	2	1	0.4052	0	0.07
chrUn_KI270589v1	0.0053	44474	0.0000	0.3575	159	3	2	0.4262	0	0.10
chrUn_KI270590v1	0.0000	4685	0.0000	0.0000	0	0	0	0.0000	0	0.00
chrUn_KI270584v1	0.0000	4513	0.0000	0.0000	0	0	0	0.0000	0	0.00
chrUn_KI270582v1	0.0311	6504	0.0000	2.3831	155	2	2	0.4853	0	0.21
chrUn_KI270588v1	0.0000	6158	0.0000	0.0000	0	0	0	0.0000	0	0.00
chrUn_KI270593v1	0.0000	3041	0.0000	0.0000	0	0	0	0.0000	0	0.00
chrUn_KI270591v1	0.0000	5796	0.0000	0.0000	0	0	0	0.0000	0	0.00
chrUn_KI270330v1	0.0000	1652	0.0000	0.0000	0	0	0	0.0000	0	0.00
chrUn_KI270329v1	0.0000	1040	0.0000	0.0000	0	0	0	0.0000	0	0.00
chrUn_KI270334v1	0.0000	1368	0.0000	0.0000	0	0	0	0.0000	0	0.00
chrUn_KI270333v1	0.0000	2699	0.0000	0.0000	0	0	0	0.0000	0	0.00
chrUn_KI270335v1	0.0000	1048	0.0000	0.0000	0	0	0	0.0000	0	0.00
chrUn_KI270338v1	0.0000	1428	0.0000	0.0000	0	0	0	0.0000	0	0.00
chrUn_KI270340v1	0.0000	1428	0.0000	0.0000	0	0	0	0.0000	0	0.00
chrUn_KI270336v1	0.0000	1026	0.0000	0.0000	0	0	0	0.0000	0	0.00
chrUn_KI270337v1	0.0000	1121	0.0000	0.0000	0	0	0	0.0000	0	0.00
chrUn_KI270363v1	0.0849	1803	0.0000	5.9346	107	0	3	0.3464	0	0.36
chrUn_KI270364v1	0.0000	2855	0.0000	0.0000	0	0	0	0.0000	0	0.00
chrUn_KI270362v1	0.0000	3530	0.0000	0.0000	0	0	0	0.0000	0	0.00
chrUn_KI270366v1	0.0000	8320	0.0000	0.0000	0	0	0	0.0000	0	0.00
chrUn_KI270378v1	0.0000	1048	0.0000	0.0000	0	0	0	0.0000	0	0.00
chrUn_KI270379v1	0.0000	1045	0.0000	0.0000	0	0	0	0.0000	0	0.00
chrUn_KI270389v1	0.0000	1298	0.0000	0.0000	0	0	0	0.0000	0	0.00
chrUn_KI270390v1	0.0000	2387	0.0000	0.0000	0	0	0	0.0000	0	0.00
chrUn_KI270387v1	0.0000	1537	0.0000	0.0000	0	0	0	0.0000	0	0.00
chrUn_KI270395v1	0.0000	1143	0.0000	0.0000	0	0	0	0.0000	0	0.00
chrUn_KI270396v1	0.0000	1880	0.0000	0.0000	0	0	0	0.0000	0	0.00
chrUn_KI270388v1	0.0000	1216	0.0000	0.0000	0	0	0	0.0000	0	0.00
chrUn_KI270394v1	0.0000	970	0.0000	0.0000	0	0	0	0.0000	0	0.00
chrUn_KI270386v1	0.0000	1788	0.0000	0.0000	0	0	0	0.0000	0	0.00
chrUn_KI270391v1	0.0000	1484	0.0000	0.0000	0	0	0	0.0000	0	0.00
chrUn_KI270383v1	0.0000	1750	0.0000	0.0000	0	0	0	0.0000	0	0.00
chrUn_KI270393v1	0.0000	1308	0.0000	0.0000	0	0	0	0.0000	0	0.00
chrUn_KI270384v1	0.0000	1658	0.0000	0.0000	0	0	0	0.0000	0	0.00
chrUn_KI270392v1	0.0000	971	0.0000	0.0000	0	0	0	0.0000	0	0.00
chrUn_KI270381v1	0.0000	1930	0.0000	0.0000	0	0	0	0.0000	0	0.00
chrUn_KI270385v1	0.0000	990	0.0000	0.0000	0	0	0	0.0000	0	0.00
chrUn_KI270382v1	0.0000	4215	0.0000	0.0000	0	0	0	0.0000	0	0.00
chrUn_KI270376v1	0.0000	1136	0.0000	0.0000	0	0	0	0.0000	0	0.00
chrUn_KI270374v1	0.0000	2656	0.0000	0.0000	0	0	0	0.0000	0	0.00
chrUn_KI270372v1	0.0000	1650	0.0000	0.0000	0	0	0	0.0000	0	0.00
chrUn_KI270373v1	0.0000	1451	0.0000	0.0000	0	0	0	0.0000	0	0.00
chrUn_KI270375v1	0.0000	2378	0.0000	0.0000	0	0	0	0.0000	0	0.00
chrUn_KI270371v1	0.0000	2805	0.0000	0.0000	0	0	0	0.0000	0	0.00
chrUn_KI270448v1	0.0128	7992	0.0000	1.2763	102	0	2	0.3431	0	0.11
chrUn_KI270521v1	0.0236	7642	0.0000	1.7927	137	2	2	0.5323	0	0.19
chrUn_GL000195v1	2.5948	182896	0.0000	51.6627	94489	6145	3349	0.4320	1	4.74
chrUn_GL000219v1	0.5984	179198	0.0000	25.8491	46321	511	1644	0.4452	0	2.14
chrUn_GL000220v1	4328.6692	161802	0.0000	44.0532	71279	14129873	538	0.5850	0	13149.16
chrUn_GL000224v1	0.1628	179693	0.0000	12.2937	22091	561	23	0.4398	0	0.52
chrUn_KI270741v1	0.2072	157432	0.0000	15.9154	25056	569	82	0.4338	0	0.55
chrUn_GL000226v1	0.0000	15008	0.0000	0.0000	0	0	0	0.0000	0	0.00
chrUn_GL000213v1	0.0399	164239	0.0000	2.5457	4181	75	79	0.4371	0	0.38
chrUn_KI270743v1	0.0195	210658	0.0000	1.5058	3172	63	23	0.4783	0	0.18
chrUn_KI270744v1	0.1363	168472	0.0000	7.7906	13125	423	55	0.4278	0	0.67
chrUn_KI270745v1	1.2736	41891	0.0000	53.8302	22550	1071	1	0.5008	1	1.86
chrUn_KI270746v1	0.2098	66486	0.0000	10.9376	7272	188	93	0.3391	0	1.02
chrUn_KI270747v1	0.0025	198735	0.0000	0.2320	461	2	8	0.3976	0	0.05
chrUn_KI270748v1	0.1112	93321	0.0000	5.6343	5258	186	24	0.5095	0	0.85
chrUn_KI270749v1	0.0724	158759	0.0000	3.0852	4898	220	11	0.3938	0	0.60
chrUn_KI270750v1	0.0252	148850	0.0000	1.9610	2919	63	18	0.4585	0	0.21
chrUn_KI270751v1	0.0169	150742	0.0000	1.2087	1822	42	19	0.4274	0	0.21
chrUn_KI270752v1	0.0681	27745	0.0000	0.6704	186	64	6	0.1301	0	1.84
chrUn_KI270753v1	0.0315	62944	0.0000	2.1209	1335	34	10	0.4177	0	0.28
chrUn_KI270754v1	0.0025	40191	0.0000	0.2538	102	2	0	0.5686	0	0.05
chrUn_KI270755v1	0.0082	36723	0.0000	0.6862	252	5	1	0.5261	0	0.10
chrUn_KI270756v1	0.0000	79590	0.0000	0.0000	0	0	0	0.0000	0	0.00
chrUn_KI270757v1	0.0035	71251	0.0000	0.2793	199	3	2	0.4039	0	0.07
chrUn_GL000214v1	0.0161	137718	0.0000	1.0986	1513	46	10	0.4512	0	0.22
chrUn_KI270742v1	0.0150	186739	0.0000	1.2172	2273	37	24	0.4866	0	0.20
chrUn_GL000216v2	0.0169	176608	0.0000	1.4739	2603	27	34	0.4178	0	0.15
chrUn_GL000218v1	0.0129	161147	0.0000	1.0413	1678	31	17	0.4907	0	0.17
chrEBV	0.0000	171823	0.0000	0.0000	0	0	0	0.0000	0	0.00
